   1.00000005E-03  0.45568793404873448     
   2.00000009E-03  0.45568773784873412     
   3.00000003E-03  0.45568744354873447     
   4.00000019E-03  0.45568705114873426     
   5.00000035E-03  0.45568656064873425     
   6.00000005E-03  0.45568597204873418     
   7.00000022E-03  0.45568528534873409     
   8.00000038E-03  0.45568450054873411     
   9.00000054E-03  0.45568361764873422     
   1.00000007E-02  0.45568263664873432     
   1.10000009E-02  0.45568155754873435     
   1.20000001E-02  0.45568038034873426     
   1.30000003E-02  0.45567910504873438     
   1.40000004E-02  0.45567773164873421     
   1.50000006E-02  0.45567626014873414     
   1.60000008E-02  0.45567469054873450     
   1.70000009E-02  0.45567302284873401     
   1.80000011E-02  0.45567125704873418     
   1.90000013E-02  0.45566939314873417     
   2.00000014E-02  0.45566743114873448     
   2.10000016E-02  0.45566537104873434     
   2.20000017E-02  0.45566321284873440     
   2.30000019E-02  0.45566095654873434     
   2.40000002E-02  0.45565860214873444     
   2.50000004E-02  0.45565614964873435     
   2.60000005E-02  0.45565359904873454     
   2.70000007E-02  0.45565095034873448     
   2.80000009E-02  0.45564820354873453     
   2.90000010E-02  0.45564535864873440     
   3.00000012E-02  0.45564241564873442     
   3.10000014E-02  0.45563937454873427     
   3.20000015E-02  0.45563623534873415     
   3.29999998E-02  0.45563299804873414     
   3.40000018E-02  0.45562966264873439     
   3.50000001E-02  0.45562622914873424     
   3.60000022E-02  0.45562269754873447     
   3.70000005E-02  0.45561906784873435     
   3.80000025E-02  0.45561534004873461     
   3.90000008E-02  0.45561151414873402     
   4.00000028E-02  0.45560759014873442     
   4.10000011E-02  0.45560356804873448     
   4.20000032E-02  0.45559944784873446     
   4.30000015E-02  0.45559522954873427     
   4.40000035E-02  0.45559091314873451     
   4.50000018E-02  0.45558649864873407     
   4.60000038E-02  0.45558198604873423     
   4.70000021E-02  0.45557737534873416     
   4.80000004E-02  0.45557266654873446     
   4.90000024E-02  0.45556785964873436     
   5.00000007E-02  0.45556295464873420     
   5.10000028E-02  0.45555795154873430     
   5.20000011E-02  0.45555285034873422     
   5.30000031E-02  0.45554765104873440     
   5.40000014E-02  0.45554235364873435     
   5.50000034E-02  0.45553695814873424     
   5.60000017E-02  0.45553146454873428     
   5.70000038E-02  0.45552587284873419     
   5.80000021E-02  0.45552018304873448     
   5.90000041E-02  0.45551439514873437     
   6.00000024E-02  0.45550850914873409     
   6.10000044E-02  0.45550252504873434     
   6.20000027E-02  0.45549644284873447     
   6.30000010E-02  0.45549026254873426     
   6.40000030E-02  0.45548398414873409     
   6.50000051E-02  0.45547760764873430     
   6.59999996E-02  0.45547113304873427     
   6.70000017E-02  0.45546456034873456     
   6.80000037E-02  0.45545788954873440     
   6.90000057E-02  0.45545112064873428     
   7.00000003E-02  0.45544425364873420     
   7.10000023E-02  0.45543728854873444     
   7.20000044E-02  0.45543022534873417     
   7.30000064E-02  0.45542306404873450     
   7.40000010E-02  0.45541580464873455     
   7.50000030E-02  0.45540844714873413     
   7.60000050E-02  0.45540099154873409     
   7.70000070E-02  0.45539343784873415     
   7.80000016E-02  0.45538578604873436     
   7.90000036E-02  0.45537803614873446     
   8.00000057E-02  0.45537018814873420     
   8.10000002E-02  0.45536224204873416     
   8.20000023E-02  0.45535419784873421     
   8.30000043E-02  0.45534605554873442     
   8.40000063E-02  0.45533781514873423     
   8.50000009E-02  0.45532947664873402     
   8.60000029E-02  0.45532104004873447     
   8.70000049E-02  0.45531250534873424     
   8.80000070E-02  0.45530387254873445     
   8.90000015E-02  0.45529514164873447     
   9.00000036E-02  0.45528631264873426     
   9.10000056E-02  0.45527738554873454     
   9.20000076E-02  0.45526836034873436     
   9.30000022E-02  0.45525923704873422     
   9.40000042E-02  0.45525001564873435     
   9.50000063E-02  0.45524069614873414     
   9.60000008E-02  0.45523127854873446     
   9.70000029E-02  0.45522176284873439     
   9.80000049E-02  0.45521214904873425     
   9.90000069E-02  0.45520243714873415     
  0.100000001      0.45519262714873454     
  0.101000004      0.45518271904873425     
  0.102000006      0.45517271284873417     
  0.103000008      0.45516260854873453     
  0.104000002      0.45515240614873420     
  0.105000004      0.45514210564873442     
  0.106000006      0.45513170704873412     
  0.107000008      0.45512121034873426     
  0.108000003      0.45511061554873450     
  0.109000005      0.45509992264873417     
  0.110000007      0.45508913164873427     
  0.111000009      0.45507824254873447     
  0.112000003      0.45506725534873438     
  0.113000005      0.45505617004873417     
  0.114000008      0.45504498664873444     
  0.115000002      0.45503370514873431     
  0.116000004      0.45502232554873445     
  0.117000006      0.45501084784873447     
  0.118000008      0.45499927204873430     
  0.119000003      0.45498759814873452     
  0.120000005      0.45497582614873439     
  0.121000007      0.45496395604873430     
  0.122000009      0.45495198784873447     
  0.123000003      0.45493992154873408     
  0.124000005      0.45492775714873418     
  0.125000000      0.45491549464873438     
  0.126000002      0.45490313404873411     
  0.127000004      0.45489067534873423     
  0.128000006      0.45487811854873422     
  0.129000008      0.45486546364873448     
  0.130000010      0.45485271064873450     
  0.131000012      0.45483985954873424     
  0.131999999      0.45482691034873413     
  0.133000001      0.45481386304873422     
  0.134000003      0.45480071764873453     
  0.135000005      0.45478747414873455     
  0.136000007      0.45477413254873406     
  0.137000009      0.45476069284873438     
  0.138000011      0.45474715504873409     
  0.139000013      0.45473351914873428     
  0.140000001      0.45471978514873451     
  0.141000003      0.45470595304873440     
  0.142000005      0.45469202284873433     
  0.143000007      0.45467799454873420     
  0.144000009      0.45466386814873405     
  0.145000011      0.45464964364873423     
  0.146000013      0.45463532104873422     
  0.147000000      0.45462090034873426     
  0.148000002      0.45460638154873423     
  0.149000004      0.45459176464873435     
  0.150000006      0.45457704964873441     
  0.151000008      0.45456223654873434     
  0.152000010      0.45454732534873415     
  0.153000012      0.45453231604873423     
  0.154000014      0.45451720864873429     
  0.155000001      0.45450200314873440     
  0.156000003      0.45448669954873433     
  0.157000005      0.45447129784873430     
  0.158000007      0.45445579804873426     
  0.159000009      0.45444020014873432     
  0.160000011      0.45442450414873448     
  0.161000013      0.45440871004873429     
  0.162000000      0.45439281784873414     
  0.163000003      0.45437682754873393     
  0.164000005      0.45436073914873448     
  0.165000007      0.45434455264873408     
  0.166000009      0.45432826804873444     
  0.167000011      0.45431188534873451     
  0.168000013      0.45429540454873435     
  0.169000015      0.45427882564873406     
  0.170000002      0.45426214864873432     
  0.171000004      0.45424537354873457     
  0.172000006      0.45422850034873441     
  0.173000008      0.45421152904873419     
  0.174000010      0.45419445964873439     
  0.175000012      0.45417729214873404     
  0.176000014      0.45416002654873411     
  0.177000001      0.45414266284873422     
  0.178000003      0.45412520104873444     
  0.179000005      0.45410764114873431     
  0.180000007      0.45408998314873422     
  0.181000009      0.45407222704873440     
  0.182000011      0.45405437284873434     
  0.183000013      0.45403642054873422     
  0.184000015      0.45401837014873414     
  0.185000002      0.45400022164873427     
  0.186000004      0.45398197504873417     
  0.187000006      0.45396363034873422     
  0.188000008      0.45394518754873447     
  0.189000010      0.45392664664873428     
  0.190000013      0.45390800764873396     
  0.191000015      0.45388927054873413     
  0.192000002      0.45387043534873450     
  0.193000004      0.45385150204873398     
  0.194000006      0.45383247064873411     
  0.195000008      0.45381334114873417     
  0.196000010      0.45379411354873411     
  0.197000012      0.45377478784873432     
  0.198000014      0.45375536404873429     
  0.199000016      0.45373584214873430     
  0.200000003      0.45371622214873414     
  0.201000005      0.45369650404873413     
  0.202000007      0.45367668784873422     
  0.203000009      0.45365677354873440     
  0.204000011      0.45363676114873419     
  0.205000013      0.45361665064873441     
  0.206000015      0.45359644204873406     
  0.207000017      0.45357613534873453     
  0.208000004      0.45355573054873433     
  0.209000006      0.45353522764873433     
  0.210000008      0.45351462664873454     
  0.211000010      0.45349392754873413     
  0.212000012      0.45347313034873443     
  0.213000014      0.45345223504873422     
  0.214000016      0.45343124164873438     
  0.215000004      0.45341015014873420     
  0.216000006      0.45338896054873423     
  0.217000008      0.45336767284873408     
  0.218000010      0.45334628704873431     
  0.219000012      0.45332480314873430     
  0.220000014      0.45330322114873439     
  0.221000016      0.45328154104873419     
  0.222000018      0.45325976284873426     
  0.223000005      0.45323788654873420     
  0.224000007      0.45321591214873391     
  0.225000009      0.45319383964873444     
  0.226000011      0.45317166904873402     
  0.227000013      0.45314940034873397     
  0.228000015      0.45312703354873418     
  0.229000017      0.45310456864873461     
  0.230000004      0.45308200564873430     
  0.231000006      0.45305934454873426     
  0.232000008      0.45303658534873420     
  0.233000010      0.45301372804873424     
  0.234000012      0.45299077264873433     
  0.235000014      0.45296771914873424     
  0.236000016      0.45294456754873447     
  0.237000018      0.45292131784873424     
  0.238000005      0.45289797004873428     
  0.239000008      0.45287452414873458     
  0.240000010      0.45285098014873426     
  0.241000012      0.45282733804873404     
  0.242000014      0.45280359784873381     
  0.243000016      0.45277975954873445     
  0.244000018      0.45275582314873403     
  0.245000005      0.45273178864873431     
  0.246000007      0.45270765604873453     
  0.247000009      0.45268342534873435     
  0.248000011      0.45265909654873421     
  0.249000013      0.45263466964873428     
  0.250000000      0.45261014464873450     
  0.251000017      0.45258552154873422     
  0.252000004      0.45256080034873408     
  0.253000021      0.45253598104873455     
  0.254000008      0.45251106364873400     
  0.255000025      0.45248604814873405     
  0.256000012      0.45246093454873426     
  0.256999999      0.45243572284873446     
  0.258000016      0.45241041304873419     
  0.259000003      0.45238500514873409     
  0.260000020      0.45235949914873408     
  0.261000007      0.45233389504873422     
  0.262000024      0.45230819284873447     
  0.263000011      0.45228239254873415     
  0.263999999      0.45225649414873409     
  0.265000015      0.45223049764873408     
  0.266000003      0.45220440304873422     
  0.267000020      0.45217821034873418     
  0.268000007      0.45215191954873446     
  0.269000024      0.45212553064873423     
  0.270000011      0.45209904364873438     
  0.271000028      0.45207245854873412     
  0.272000015      0.45204577534873430     
  0.273000002      0.45201899404873402     
  0.274000019      0.45199211464873429     
  0.275000006      0.45196513714873437     
  0.276000023      0.45193806154873428     
  0.277000010      0.45191088784873451     
  0.278000027      0.45188361604873428     
  0.279000014      0.45185624614873426     
  0.280000001      0.45182877814873446     
  0.281000018      0.45180121204873402     
  0.282000005      0.45177354784873430     
  0.283000022      0.45174578554873429     
  0.284000009      0.45171792514873405     
  0.285000026      0.45168996664873423     
  0.286000013      0.45166191004873402     
  0.287000000      0.45163375534873440     
  0.288000017      0.45160550254873444     
  0.289000005      0.45157715164873408     
  0.290000021      0.45154870264873426     
  0.291000009      0.45152015554873404     
  0.292000026      0.45149151034873425     
  0.293000013      0.45146276704873423     
  0.294000000      0.45143392564873414     
  0.295000017      0.45140498614873420     
  0.296000004      0.45137594854873442     
  0.297000021      0.45134681284873446     
  0.298000008      0.45131757904873426     
  0.299000025      0.45128824714873417     
  0.300000012      0.45125881714873423     
  0.301000029      0.45122928904873449     
  0.302000016      0.45119966284873442     
  0.303000003      0.45116993854873433     
  0.304000020      0.45114011614873401     
  0.305000007      0.45111019564873422     
  0.306000024      0.45108017704873449     
  0.307000011      0.45105006034873418     
  0.308000028      0.45101984554873403     
  0.309000015      0.45098953264873431     
  0.310000002      0.45095912164873442     
  0.311000019      0.45092861254873434     
  0.312000006      0.45089800534873442     
  0.313000023      0.45086730004873404     
  0.314000010      0.45083649664873432     
  0.315000027      0.45080559514873431     
  0.316000015      0.45077459554873445     
  0.317000002      0.45074349784873424     
  0.318000019      0.45071230204873397     
  0.319000006      0.45068100814873413     
  0.320000023      0.45064961614873444     
  0.321000010      0.45061812604873425     
  0.322000027      0.45058653784873409     
  0.323000014      0.45055485154873437     
  0.324000001      0.45052306714873436     
  0.325000018      0.45049118464873450     
  0.326000005      0.45045920404873419     
  0.327000022      0.45042712534873430     
  0.328000009      0.45039494854873424     
  0.329000026      0.45036267364873445     
  0.330000013      0.45033030064873442     
  0.331000030      0.45029782954873426     
  0.332000017      0.45026526034873426     
  0.333000004      0.45023259304873420     
  0.334000021      0.45019982764873423     
  0.335000008      0.45016696414873392     
  0.336000025      0.45013400254873437     
  0.337000012      0.45010094284873398     
  0.338000029      0.45006778504873429     
  0.339000016      0.45003452914873426     
  0.340000004      0.45000117514873411     
  0.341000021      0.44996772304873434     
  0.342000008      0.44993417284873394     
  0.343000025      0.44990052454873419     
  0.344000012      0.44986677814873433     
  0.345000029      0.44983293364873411     
  0.346000016      0.44979899104873439     
  0.347000003      0.44976495034873437     
  0.348000020      0.44973081154873434     
  0.349000007      0.44969657464873430     
  0.350000024      0.44966223964873431     
  0.351000011      0.44962780654873441     
  0.352000028      0.44959327534873433     
  0.353000015      0.44955864604873402     
  0.354000002      0.44952391864873442     
  0.355000019      0.44948909314873403     
  0.356000006      0.44945416954873452     
  0.357000023      0.44941914784873438     
  0.358000010      0.44938402804873429     
  0.359000027      0.44934881014873412     
  0.360000014      0.44931349414873445     
  0.361000031      0.44927808004873382     
  0.362000018      0.44924256784873401     
  0.363000005      0.44920695754873413     
  0.364000022      0.44917124914873435     
  0.365000010      0.44913544264873428     
  0.366000026      0.44909953804873398     
  0.367000014      0.44906353534873406     
  0.368000031      0.44902743454873423     
  0.369000018      0.44899123564873428     
  0.370000005      0.44895493864873437     
  0.371000022      0.44891854354873412     
  0.372000009      0.44888205034873407     
  0.373000026      0.44884545904873419     
  0.374000013      0.44880876964873395     
  0.375000030      0.44877198214873393     
  0.376000017      0.44873509654873417     
  0.377000004      0.44869811284873412     
  0.378000021      0.44866103104873417     
  0.379000008      0.44862385114873421     
  0.380000025      0.44858657314873418     
  0.381000012      0.44854919704873408     
  0.382000029      0.44851172284873392     
  0.383000016      0.44847415054873435     
  0.384000003      0.44843648014873400     
  0.385000020      0.44839871164873402     
  0.386000007      0.44836084504873425     
  0.387000024      0.44832288034873413     
  0.388000011      0.44828481754873428     
  0.389000028      0.44824665664873398     
  0.390000015      0.44820839764873410     
  0.391000032      0.44817004054873422     
  0.392000020      0.44813158534873443     
  0.393000007      0.44809303204873424     
  0.394000024      0.44805438064873404     
  0.395000011      0.44801563114873405     
  0.396000028      0.44797678354873421     
  0.397000015      0.44793783784873425     
  0.398000032      0.44789879404873445     
  0.399000019      0.44785965214873419     
  0.400000006      0.44782041214873430     
  0.401000023      0.44778107404873407     
  0.402000010      0.44774163784873428     
  0.403000027      0.44770210354873391     
  0.404000014      0.44766247114873425     
  0.405000031      0.44762274064873431     
  0.406000018      0.44758291204873435     
  0.407000005      0.44754298534873443     
  0.408000022      0.44750296054873423     
  0.409000009      0.44746283764873418     
  0.410000026      0.44742261664873445     
  0.411000013      0.44738229754873404     
  0.412000030      0.44734188034873434     
  0.413000017      0.44730136504873441     
  0.414000034      0.44726075164873408     
  0.415000021      0.44722004014873401     
  0.416000009      0.44717923054873426     
  0.417000026      0.44713832284873439     
  0.418000013      0.44709731704873446     
  0.419000030      0.44705621314873417     
  0.420000017      0.44701501114873404     
  0.421000034      0.44697371104873412     
  0.422000021      0.44693231284873441     
  0.423000008      0.44689081654873436     
  0.424000025      0.44684922214873379     
  0.425000012      0.44680752964873449     
  0.426000029      0.44676573904873401     
  0.427000016      0.44672385034873424     
  0.428000033      0.44668186354873440     
  0.429000020      0.44663977864873433     
  0.430000007      0.44659759564873441     
  0.431000024      0.44655531454873426     
  0.432000011      0.44651293534873387     
  0.433000028      0.44647045804873431     
  0.434000015      0.44642788264873401     
  0.435000032      0.44638520914873431     
  0.436000019      0.44634243754873426     
  0.437000006      0.44629956784873442     
  0.438000023      0.44625660004873402     
  0.439000010      0.44621353414873438     
  0.440000027      0.44617037014873384     
  0.441000015      0.44612710804873396     
  0.442000031      0.44608374784873411     
  0.443000019      0.44604028954873426     
  0.444000036      0.44599673314873423     
  0.445000023      0.44595307864873396     
  0.446000010      0.44590932604873396     
  0.447000027      0.44586547534873427     
  0.448000014      0.44582152654873419     
  0.449000031      0.44577747964873432     
  0.450000018      0.44573333464873405     
  0.451000035      0.44568909154873415     
  0.452000022      0.44564475034873419     
  0.453000009      0.44560031104873404     
  0.454000026      0.44555577364873389     
  0.455000013      0.44551113814873422     
  0.456000030      0.44546640454873404     
  0.457000017      0.44542157284873440     
  0.458000034      0.44537664304873409     
  0.459000021      0.44533161514873404     
  0.460000008      0.44528648914873387     
  0.461000025      0.44524126504873401     
  0.462000012      0.44519594284873398     
  0.463000029      0.44515052254873433     
  0.464000016      0.44510500414873411     
  0.465000033      0.44505938764873443     
  0.466000021      0.44501367304873407     
  0.467000008      0.44496786034873437     
  0.468000025      0.44492194954873393     
  0.469000012      0.44487594064873393     
  0.470000029      0.44482983364873441     
  0.471000016      0.44478362854873410     
  0.472000033      0.44473732534873439     
  0.473000020      0.44469092404873400     
  0.474000037      0.44464442464873405     
  0.475000024      0.44459782714873425     
  0.476000011      0.44455113154873382     
  0.477000028      0.44450433784873405     
  0.478000015      0.44445744604873438     
  0.479000032      0.44441045614873426     
  0.480000019      0.44436336814873395     
  0.481000036      0.44431618204873446     
  0.482000023      0.44426889784873430     
  0.483000010      0.44422151554873446     
  0.484000027      0.44417403514873421     
  0.485000014      0.44412645664873418     
  0.486000031      0.44407878004873402     
  0.487000018      0.44403100534873424     
  0.488000035      0.44398313254873434     
  0.489000022      0.44393516164873409     
  0.490000010      0.44388709264873438     
  0.491000026      0.44383892554873422     
  0.492000014      0.44379066034873410     
  0.493000031      0.44374229704873414     
  0.494000018      0.44369383564873444     
  0.495000035      0.44364527614873395     
  0.496000022      0.44359661854873417     
  0.497000009      0.44354786284873415     
  0.498000026      0.44349900904873402     
  0.499000013      0.44345005714873442     
  0.500000000      0.44340100714873432     
  0.501000047      0.44335185904873436     
  0.502000034      0.44330261284873446     
  0.503000021      0.44325326854873448     
  0.504000008      0.44320382614873416     
  0.504999995      0.44315428564873427     
  0.506000042      0.44310464704873403     
  0.507000029      0.44305491034873390     
  0.508000016      0.44300507554873453     
  0.509000003      0.44295514264873392     
  0.510000050      0.44290511164873408     
  0.511000037      0.44285498254873423     
  0.512000024      0.44280475534873426     
  0.513000011      0.44275443004873444     
  0.513999999      0.44270400664873422     
  0.515000045      0.44265348514873426     
  0.516000032      0.44260286554873413     
  0.517000020      0.44255214784873437     
  0.518000007      0.44250133204873376     
  0.519000053      0.44245041814873431     
  0.520000041      0.44239940614873435     
  0.521000028      0.44234829604873399     
  0.522000015      0.44229708784873417     
  0.523000002      0.44224578154873401     
  0.524000049      0.44219437714873422     
  0.525000036      0.44214287464873420     
  0.526000023      0.44209127404873377     
  0.527000010      0.44203957534873439     
  0.527999997      0.44198777854873406     
  0.529000044      0.44193588364873426     
  0.530000031      0.44188389064873429     
  0.531000018      0.44183179954873436     
  0.532000005      0.44177961034873403     
  0.533000052      0.44172732304873419     
  0.534000039      0.44167493764873389     
  0.535000026      0.44162245414873380     
  0.536000013      0.44156987254873448     
  0.537000000      0.44151719284873386     
  0.538000047      0.44146441504873396     
  0.539000034      0.44141153914873421     
  0.540000021      0.44135856514873423     
  0.541000009      0.44130549304873434     
  0.542000055      0.44125232284873439     
  0.543000042      0.44119905454873432     
  0.544000030      0.44114568814873434     
  0.545000017      0.44109222364873424     
  0.546000004      0.44103866104873418     
  0.547000051      0.44098500034873417     
  0.548000038      0.44093124154873414     
  0.549000025      0.44087738464873411     
  0.550000012      0.44082342964873417     
  0.550999999      0.44076937654873433     
  0.552000046      0.44071522534873436     
  0.553000033      0.44066097604873439     
  0.554000020      0.44060662864873446     
  0.555000007      0.44055218314873412     
  0.556000054      0.44049763954873411     
  0.557000041      0.44044299784873403     
  0.558000028      0.44038825804873388     
  0.559000015      0.44033342014873439     
  0.560000002      0.44027848414873388     
  0.561000049      0.44022345004873420     
  0.562000036      0.44016831784873434     
  0.563000023      0.44011308754873418     
  0.564000010      0.44005775914873418     
  0.564999998      0.44000233264873406     
  0.566000044      0.43994680804873421     
  0.567000031      0.43989118534873389     
  0.568000019      0.43983546454873390     
  0.569000006      0.43977964564873395     
  0.570000052      0.43972372864873432     
  0.571000040      0.43966771354873430     
  0.572000027      0.43961160034873431     
  0.573000014      0.43955538904873398     
  0.574000001      0.43949907964873441     
  0.575000048      0.43944267214873411     
  0.576000035      0.43938616654873419     
  0.577000022      0.43932956284873420     
  0.578000009      0.43927286104873381     
  0.579000056      0.43921606114873413     
  0.580000043      0.43915916314873443     
  0.581000030      0.43910216704873439     
  0.582000017      0.43904507284873384     
  0.583000004      0.43898788054873433     
  0.584000051      0.43893059014873409     
  0.585000038      0.43887320164873417     
  0.586000025      0.43881571504873434     
  0.587000012      0.43875813034873423     
  0.588000000      0.43870044754873433     
  0.589000046      0.43864266664873419     
  0.590000033      0.43858478764873404     
  0.591000021      0.43852681054873444     
  0.592000008      0.43846873534873387     
  0.593000054      0.43841056204873430     
  0.594000041      0.43835229064873438     
  0.595000029      0.43829392114873406     
  0.596000016      0.43823545354873383     
  0.597000003      0.43817688784873432     
  0.598000050      0.43811822404873418     
  0.599000037      0.43805946214873420     
  0.600000024      0.43800060214873437     
  0.601000011      0.43794164404873392     
  0.602000058      0.43788258784873429     
  0.603000045      0.43782343354873421     
  0.604000032      0.43776418114873428     
  0.605000019      0.43770483064873411     
  0.606000006      0.43764538204873399     
  0.607000053      0.43758583534873402     
  0.608000040      0.43752619054873437     
  0.609000027      0.43746644764873421     
  0.610000014      0.43740660664873404     
  0.611000001      0.43734666754873430     
  0.612000048      0.43728663034873433     
  0.613000035      0.43722649504873429     
  0.614000022      0.43716626164873396     
  0.615000010      0.43710593014873417     
  0.616000056      0.43704550054873403     
  0.617000043      0.43698497284873411     
  0.618000031      0.43692434704873434     
  0.619000018      0.43686362314873406     
  0.620000005      0.43680280114873438     
  0.621000051      0.43674188104873418     
  0.622000039      0.43668086284873420     
  0.623000026      0.43661974654873409     
  0.624000013      0.43655853214873430     
  0.625000000      0.43649721964873384     
  0.626000047      0.43643580904873402     
  0.627000034      0.43637430034873403     
  0.628000021      0.43631269354873387     
  0.629000008      0.43625098864873435     
  0.630000055      0.43618918564873416     
  0.631000042      0.43612728454873412     
  0.632000029      0.43606528534873418     
  0.633000016      0.43600318804873439     
  0.634000003      0.43594099264873415     
  0.635000050      0.43587869914873428     
  0.636000037      0.43581630754873407     
  0.637000024      0.43575381784873390     
  0.638000011      0.43569123004873428     
  0.639000058      0.43562854414873398     
  0.640000045      0.43556576014873399     
  0.641000032      0.43550287804873428     
  0.642000020      0.43543989784873410     
  0.643000007      0.43537681954873414     
  0.644000053      0.43531364314873400     
  0.645000041      0.43525036864873423     
  0.646000028      0.43518699604873390     
  0.647000015      0.43512352534873400     
  0.648000002      0.43505995654873403     
  0.649000049      0.43499628964873438     
  0.650000036      0.43493252464873422     
  0.651000023      0.43486866154873405     
  0.652000010      0.43480470034873375     
  0.653000057      0.43474064104873406     
  0.654000044      0.43467648364873424     
  0.655000031      0.43461222814873429     
  0.656000018      0.43454787454873395     
  0.657000005      0.43448342284873381     
  0.658000052      0.43441887304873383     
  0.659000039      0.43435422514873417     
  0.660000026      0.43428947914873417     
  0.661000013      0.43422463504873393     
  0.662000060      0.43415969284873429     
  0.663000047      0.43409465254873425     
  0.664000034      0.43402951414873436     
  0.665000021      0.43396427764873408     
  0.666000009      0.43389894304873416     
  0.667000055      0.43383351034873407     
  0.668000042      0.43376797954873419     
  0.669000030      0.43370235064873436     
  0.670000017      0.43363662364873412     
  0.671000004      0.43357079854873409     
  0.672000051      0.43350487534873411     
  0.673000038      0.43343885404873417     
  0.674000025      0.43337273464873394     
  0.675000012      0.43330651714873414     
  0.676000059      0.43324020154873388     
  0.677000046      0.43317378784873434     
  0.678000033      0.43310727604873428     
  0.679000020      0.43304066614873393     
  0.680000007      0.43297395814873413     
  0.681000054      0.43290715204873387     
  0.682000041      0.43284024784873437     
  0.683000028      0.43277324554873409     
  0.684000015      0.43270614514873396     
  0.685000062      0.43263894664873431     
  0.686000049      0.43257165004873405     
  0.687000036      0.43250425534873416     
  0.688000023      0.43243676254873437     
  0.689000010      0.43236917164873434     
  0.690000057      0.43230148264873430     
  0.691000044      0.43223369554873414     
  0.692000031      0.43216581034873386     
  0.693000019      0.43209782704873406     
  0.694000006      0.43202974564873409     
  0.695000052      0.43196156614873404     
  0.696000040      0.43189328854873404     
  0.697000027      0.43182491284873431     
  0.698000014      0.43175643904873423     
  0.699000061      0.43168786714873419     
  0.700000048      0.43161919714873404     
  0.701000035      0.43155042904873414     
  0.702000022      0.43148156284873418     
  0.703000009      0.43141259854873421     
  0.704000056      0.43134353614873411     
  0.705000043      0.43127437564873405     
  0.706000030      0.43120511704873410     
  0.707000017      0.43113576034873413     
  0.708000004      0.43106630554873432     
  0.709000051      0.43099675264873410     
  0.710000038      0.43092710164873405     
  0.711000025      0.43085735254873392     
  0.712000012      0.43078750534873417     
  0.713000059      0.43071756004873407     
  0.714000046      0.43064751664873435     
  0.715000033      0.43057737514873423     
  0.716000021      0.43050713554873432     
  0.717000008      0.43043679784873390     
  0.718000054      0.43036636204873441     
  0.719000041      0.43029582814873424     
  0.720000029      0.43022519614873445     
  0.721000016      0.43015446604873403     
  0.722000062      0.43008363784873416     
  0.723000050      0.43001271154873399     
  0.724000037      0.42994168714873404     
  0.725000024      0.42987056464873419     
  0.726000011      0.42979934404873421     
  0.727000058      0.42972802534873433     
  0.728000045      0.42965660854873433     
  0.729000032      0.42958509364873437     
  0.730000019      0.42951348064873429     
  0.731000006      0.42944176954873403     
  0.732000053      0.42936996034873431     
  0.733000040      0.42929805304873431     
  0.734000027      0.42922604764873429     
  0.735000014      0.42915394414873420     
  0.736000061      0.42908174254873416     
  0.737000048      0.42900944284873410     
  0.738000035      0.42893704504873398     
  0.739000022      0.42886454914873406     
  0.740000010      0.42879195514873414     
  0.741000056      0.42871926304873392     
  0.742000043      0.42864647284873419     
  0.743000031      0.42857358454873429     
  0.744000018      0.42850059814873426     
  0.745000064      0.42842751364873377     
  0.746000051      0.42835433104873422     
  0.747000039      0.42828105034873437     
  0.748000026      0.42820767154873424     
  0.749000013      0.42813419464873398     
  0.750000060      0.42806061964873421     
  0.751000047      0.42798694654873382     
  0.752000034      0.42791317534873391     
  0.753000021      0.42783930604873410     
  0.754000008      0.42776533864873428     
  0.755000055      0.42769127314873401     
  0.756000042      0.42761710954873400     
  0.757000029      0.42754284784873392     
  0.758000016      0.42746848804873400     
  0.759000063      0.42739403014873423     
  0.760000050      0.42731947414873417     
  0.761000037      0.42724482004873382     
  0.762000024      0.42717006784873385     
  0.763000011      0.42709521754873431     
  0.764000058      0.42702026914873409     
  0.765000045      0.42694522264873425     
  0.766000032      0.42687007804873423     
  0.767000020      0.42679483534873425     
  0.768000007      0.42671949454873392     
  0.769000053      0.42664405564873426     
  0.770000041      0.42656851864873402     
  0.771000028      0.42649288354873427     
  0.772000015      0.42641715034873423     
  0.773000062      0.42634131904873407     
  0.774000049      0.42626538964873412     
  0.775000036      0.42618936214873426     
  0.776000023      0.42611323654873429     
  0.777000010      0.42603701284873408     
  0.778000057      0.42596069104873413     
  0.779000044      0.42588427114873417     
  0.780000031      0.42580775314873415     
  0.781000018      0.42573113704873405     
  0.782000065      0.42565442284873439     
  0.783000052      0.42557761054873394     
  0.784000039      0.42550070014873403     
  0.785000026      0.42542369164873406     
  0.786000013      0.42534658504873396     
  0.787000060      0.42526938034873424     
  0.788000047      0.42519207754873412     
  0.789000034      0.42511467664873437     
  0.790000021      0.42503717764873433     
  0.791000009      0.42495958054873428     
  0.792000055      0.42488188534873422     
  0.793000042      0.42480409204873404     
  0.794000030      0.42472620064873390     
  0.795000017      0.42464821114873386     
  0.796000063      0.42457012354873419     
  0.797000051      0.42449193784873396     
  0.798000038      0.42441365404873382     
  0.799000025      0.42433527214873407     
  0.800000012      0.42425679214873419     
  0.801000059      0.42417821404873424     
  0.802000046      0.42409953784873428     
  0.803000033      0.42402076354873425     
  0.804000020      0.42394189114873415     
  0.805000067      0.42386292064873421     
  0.806000054      0.42378385204873398     
  0.807000041      0.42370468534873390     
  0.808000028      0.42362542054873403     
  0.809000015      0.42354605764873399     
  0.810000062      0.42346659664873437     
  0.811000049      0.42338703754873402     
  0.812000036      0.42330738034873400     
  0.813000023      0.42322762504873418     
  0.814000010      0.42314777164873407     
  0.815000057      0.42306782014873412     
  0.816000044      0.42298777054873432     
  0.817000031      0.42290762284873423     
  0.818000019      0.42282737704873424     
  0.819000065      0.42274703314873407     
  0.820000052      0.42266659114873428     
  0.821000040      0.42258605104873420     
  0.822000027      0.42250541284873394     
  0.823000014      0.42242467654873417     
  0.824000061      0.42234384214873377     
  0.825000048      0.42226290964873420     
  0.826000035      0.42218187904873411     
  0.827000022      0.42210075034873434     
  0.828000069      0.42201952354873407     
  0.829000056      0.42193819864873411     
  0.830000043      0.42185677564873375     
  0.831000030      0.42177525454873399     
  0.832000017      0.42169363534873400     
  0.833000064      0.42161191804873432     
  0.834000051      0.42153010264873403     
  0.835000038      0.42144818914873405     
  0.836000025      0.42136617754873390     
  0.837000012      0.42128406784873407     
  0.838000059      0.42120186004873433     
  0.839000046      0.42111955414873392     
  0.840000033      0.42103715014873389     
  0.841000021      0.42095464804873389     
  0.842000067      0.42087204784873417     
  0.843000054      0.42078934954873387     
  0.844000041      0.42070655314873429     
  0.845000029      0.42062365864873419     
  0.846000016      0.42054066604873425     
  0.847000062      0.42045757534873390     
  0.848000050      0.42037438654873432     
  0.849000037      0.42029109964873407     
  0.850000024      0.42020771464873424     
  0.851000011      0.42012423154873418     
  0.852000058      0.42004065034873400     
  0.853000045      0.41995697104873403     
  0.854000032      0.41987319364873416     
  0.855000019      0.41978931814873421     
  0.856000066      0.41970534454873393     
  0.857000053      0.41962127284873424     
  0.858000040      0.41953710304873409     
  0.859000027      0.41945283514873410     
  0.860000014      0.41936846914873416     
  0.861000061      0.41928400504873425     
  0.862000048      0.41919944284873412     
  0.863000035      0.41911478254873413     
  0.864000022      0.41903002414873414     
  0.865000069      0.41894516764873413     
  0.866000056      0.41886021304873400     
  0.867000043      0.41877516034873430     
  0.868000031      0.41869000954873420     
  0.869000018      0.41860476064873420     
  0.870000064      0.41851941364873396     
  0.871000051      0.41843396854873427     
  0.872000039      0.41834842534873418     
  0.873000026      0.41826278404873402     
  0.874000013      0.41817704464873418     
  0.875000060      0.41809120714873399     
  0.876000047      0.41800527154873424     
  0.877000034      0.41791923784873392     
  0.878000021      0.41783310604873419     
  0.879000068      0.41774687614873424     
  0.880000055      0.41766054814873399     
  0.881000042      0.41757412204873406     
  0.882000029      0.41748759784873407     
  0.883000016      0.41740097554873423     
  0.884000063      0.41731425514873410     
  0.885000050      0.41722743664873413     
  0.886000037      0.41714052004873425     
  0.887000024      0.41705350534873425     
  0.888000071      0.41696639254873424     
  0.889000058      0.41687918164873389     
  0.890000045      0.41679187264873419     
  0.891000032      0.41670446554873430     
  0.892000020      0.41661696034873424     
  0.893000066      0.41652935704873406     
  0.894000053      0.41644165564873425     
  0.895000041      0.41635385614873394     
  0.896000028      0.41626595854873377     
  0.897000015      0.41617796284873376     
  0.898000062      0.41608986904873418     
  0.899000049      0.41600167714873382     
  0.900000036      0.41591338714873383     
  0.901000023      0.41582499904873399     
  0.902000070      0.41573651284873392     
  0.903000057      0.41564792854873411     
  0.904000044      0.41555924614873407     
  0.905000031      0.41547046564873391     
  0.906000018      0.41538158704873368     
  0.907000065      0.41529261034873399     
  0.908000052      0.41520353554873390     
  0.909000039      0.41511436264873425     
  0.910000026      0.41502509164873413     
  0.911000073      0.41493572254873401     
  0.912000060      0.41484625534873376     
  0.913000047      0.41475669004873411     
  0.914000034      0.41466702664873412     
  0.915000021      0.41457726514873400     
  0.916000068      0.41448740554873403     
  0.917000055      0.41439744784873367     
  0.918000042      0.41430739204873396     
  0.919000030      0.41421723814873423     
  0.920000017      0.41412698614873406     
  0.921000063      0.41403663604873375     
  0.922000051      0.41394618784873416     
  0.923000038      0.41385564154873383     
  0.924000025      0.41376499714873410     
  0.925000072      0.41367425464873420     
  0.926000059      0.41358341404873405     
  0.927000046      0.41349247534873429     
  0.928000033      0.41340143854873401     
  0.929000020      0.41331030364873395     
  0.930000067      0.41321907064873409     
  0.931000054      0.41312773954873377     
  0.932000041      0.41303631034873411     
  0.933000028      0.41294478304873417     
  0.934000015      0.41285315764873415     
  0.935000062      0.41276143414873373     
  0.936000049      0.41266961254873424     
  0.937000036      0.41257769284873391     
  0.938000023      0.41248567504873379     
  0.939000070      0.41239355914873421     
  0.940000057      0.41230134514873390     
  0.941000044      0.41220903304873424     
  0.942000031      0.41211662284873385     
  0.943000019      0.41202411454873394     
  0.944000065      0.41193150814873419     
  0.945000052      0.41183880364873382     
  0.946000040      0.41174600104873416     
  0.947000027      0.41165310034873420     
  0.948000073      0.41156010154873413     
  0.949000061      0.41146700464873376     
  0.950000048      0.41137380964873416     
  0.951000035      0.41128051654873388     
  0.952000022      0.41118712534873419     
  0.953000069      0.41109363604873417     
  0.954000056      0.41100004864873396     
  0.955000043      0.41090636314873419     
  0.956000030      0.41081257954873424     
  0.957000017      0.41071869784873405     
  0.958000064      0.41062471804873402     
  0.959000051      0.41053064014873386     
  0.960000038      0.41043646414873408     
  0.961000025      0.41034219004873401     
  0.962000072      0.41024781784873376     
  0.963000059      0.41015334754873395     
  0.964000046      0.41005877914873395     
  0.965000033      0.40996411264873428     
  0.966000021      0.40986934804873421     
  0.967000067      0.40977448534873390     
  0.968000054      0.40967952454873385     
  0.969000041      0.40958446564873369     
  0.970000029      0.40948930864873412     
  0.971000075      0.40939405354873387     
  0.972000062      0.40929870034873383     
  0.973000050      0.40920324904873417     
  0.974000037      0.40910769964873400     
  0.975000024      0.40901205214873410     
  0.976000071      0.40891630654873423     
  0.977000058      0.40882046284873402     
  0.978000045      0.40872452104873419     
  0.979000032      0.40862848114873401     
  0.980000019      0.40853234314873382     
  0.981000066      0.40843610704873401     
  0.982000053      0.40833977284873380     
  0.983000040      0.40824334054873401     
  0.984000027      0.40814681014873400     
  0.985000074      0.40805018164873424     
  0.986000061      0.40795345504873398     
  0.987000048      0.40785663034873409     
  0.988000035      0.40775970754873375     
  0.989000022      0.40766268664873379     
  0.990000069      0.40756556764873397     
  0.991000056      0.40746835054873409     
  0.992000043      0.40737103534873392     
  0.993000031      0.40727362204873385     
  0.994000018      0.40717611064873371     
  0.995000064      0.40707850114873395     
  0.996000051      0.40698079354873401     
  0.997000039      0.40688298784873406     
  0.998000026      0.40678508404873370     
  0.999000072      0.40668708214873389     
   1.00000000      0.40658898214873418     
   1.00100005      0.40649078404873362     
   1.00200009      0.40639248784873389     
   1.00300002      0.40629409354873397     
   1.00400007      0.40619560114873393     
   1.00500000      0.40609701064873394     
   1.00600004      0.40599832204873387     
   1.00700009      0.40589953534873396     
   1.00800002      0.40580065054873388     
   1.00900006      0.40570166764873372     
   1.00999999      0.40560258664873411     
   1.01100004      0.40550340754873382     
   1.01200008      0.40540413034873374     
   1.01300001      0.40530475504873403     
   1.01400006      0.40520528164873409     
   1.01500010      0.40510571014873392     
   1.01600003      0.40500604054873368     
   1.01700008      0.40490627284873382     
   1.01800001      0.40480640704873389     
   1.01900005      0.40470644314873411     
   1.02000010      0.40460638114873398     
   1.02100003      0.40450622104873374     
   1.02200007      0.40440596284873370     
   1.02300000      0.40430560654873404     
   1.02400005      0.40420515214873393     
   1.02500010      0.40410459964873402     
   1.02600002      0.40400394904873388     
   1.02700007      0.40390320034873395     
   1.02800000      0.40380235354873378     
   1.02900004      0.40370140864873394     
   1.03000009      0.40360036564873369     
   1.03100002      0.40349922454873394     
   1.03200006      0.40339798534873411     
   1.03299999      0.40329664804873405     
   1.03400004      0.40319521264873409     
   1.03500009      0.40309367914873401     
   1.03600001      0.40299204754873386     
   1.03700006      0.40289031784873408     
   1.03800011      0.40278849004873363     
   1.03900003      0.40268656414873399     
   1.04000008      0.40258454014873402     
   1.04100001      0.40248241804873364     
   1.04200006      0.40238019784873374     
   1.04300010      0.40227787954873384     
   1.04400003      0.40217546314873415     
   1.04500008      0.40207294864873411     
   1.04600000      0.40197033604873383     
   1.04700005      0.40186762534873383     
   1.04800010      0.40176481654873369     
   1.04900002      0.40166190964873399     
   1.05000007      0.40155890464873395     
   1.05100000      0.40145580154873373     
   1.05200005      0.40135260034873410     
   1.05300009      0.40124930104873391     
   1.05400002      0.40114590364873415     
   1.05500007      0.40104240814873415     
   1.05599999      0.40093881454873398     
   1.05700004      0.40083512284873407     
   1.05800009      0.40073133304873410     
   1.05900002      0.40062744514873389     
   1.06000006      0.40052345914873405     
   1.06100011      0.40041937504873376     
   1.06200004      0.40031519284873407     
   1.06300008      0.40021091254873403     
   1.06400001      0.40010653414873409     
   1.06500006      0.40000205764873370     
   1.06600010      0.39989748304873407     
   1.06700003      0.39979281034873382     
   1.06800008      0.39968803954873372     
   1.06900001      0.39958317064873400     
   1.07000005      0.39947820364873388     
   1.07100010      0.39937313854873407     
   1.07200003      0.39926797534873382     
   1.07300007      0.39916271404873377     
   1.07400000      0.39905735464873410     
   1.07500005      0.39895189714873380     
   1.07600009      0.39884634154873411     
   1.07700002      0.39874068784873395     
   1.07800007      0.39863493604873396     
   1.07900000      0.39852908614873372     
   1.08000004      0.39842313814873392     
   1.08100009      0.39831709204873383     
   1.08200002      0.39821094784873395     
   1.08300006      0.39810470554873412     
   1.08400011      0.39799836514873405     
   1.08500004      0.39789192664873413     
   1.08600008      0.39778539004873403     
   1.08700001      0.39767875534873370     
   1.08800006      0.39757202254873397     
   1.08900011      0.39746519164873367     
   1.09000003      0.39735826264873403     
   1.09100008      0.39725123554873398     
   1.09200001      0.39714411034873387     
   1.09300005      0.39703688704873352     
   1.09400010      0.39692956564873400     
   1.09500003      0.39682214614873390     
   1.09600008      0.39671462854873385     
   1.09700000      0.39660701284873406     
   1.09800005      0.39649929904873377     
   1.09900010      0.39639148714873401     
   1.10000002      0.39628357714873397     
   1.10100007      0.39617556904873402     
   1.10200000      0.39606746284873379     
   1.10300004      0.39595925854873371     
   1.10400009      0.39585095614873372     
   1.10500002      0.39574255564873390     
   1.10600007      0.39563405704873389     
   1.10699999      0.39552546034873387     
   1.10800004      0.39541676554873390     
   1.10900009      0.39530797264873402     
   1.11000001      0.39519908164873385     
   1.11100006      0.39509009254873378     
   1.11200011      0.39498100534873404     
   1.11300004      0.39487182004873361     
   1.11400008      0.39476253664873368     
   1.11500001      0.39465315514873384     
   1.11600006      0.39454367554873399     
   1.11700010      0.39443409784873401     
   1.11800003      0.39432442204873402     
   1.11900008      0.39421464814873403     
   1.12000000      0.39410477614873407     
   1.12100005      0.39399480604873388     
   1.12200010      0.39388473784873407     
   1.12300003      0.39377457154873402     
   1.12400007      0.39366430714873402     
   1.12500000      0.39355394464873406     
   1.12600005      0.39344348404873380     
   1.12700009      0.39333292534873410     
   1.12800002      0.39322226854873404     
   1.12900007      0.39311151364873387     
   1.13000000      0.39300066064873390     
   1.13100004      0.39288970954873398     
   1.13200009      0.39277866034873399     
   1.13300002      0.39266751304873376     
   1.13400006      0.39255626764873386     
   1.13500011      0.39244492414873394     
   1.13600004      0.39233348254873385     
   1.13700008      0.39222194284873368     
   1.13800001      0.39211030504873390     
   1.13900006      0.39199856914873399     
   1.14000010      0.39188673514873396     
   1.14100003      0.39177480304873408     
   1.14200008      0.39166277284873396     
   1.14300001      0.39155064454873406     
   1.14400005      0.39143841814873398     
   1.14500010      0.39132609364873394     
   1.14600003      0.39121367104873406     
   1.14700007      0.39110115034873394     
   1.14800000      0.39098853154873386     
   1.14900005      0.39087581464873411     
   1.15000010      0.39076299964873384     
   1.15100002      0.39065008654873395     
   1.15200007      0.39053707534873394     
   1.15300000      0.39042396604873397     
   1.15400004      0.39031075864873394     
   1.15500009      0.39019745314873411     
   1.15600002      0.39008404954873405     
   1.15700006      0.38997054784873392     
   1.15800011      0.38985694804873389     
   1.15900004      0.38974325014873396     
   1.16000009      0.38962945414873401     
   1.16100001      0.38951556004873383     
   1.16200006      0.38940156784873386     
   1.16300011      0.38928747754873377     
   1.16400003      0.38917328914873400     
   1.16500008      0.38905900264873389     
   1.16600001      0.38894461804873409     
   1.16700006      0.38883013534873390     
   1.16800010      0.38871555454873397     
   1.16900003      0.38860087564873375     
   1.17000008      0.38848609864873379     
   1.17100000      0.38837122354873399     
   1.17200005      0.38825625034873407     
   1.17300010      0.38814117904873396     
   1.17400002      0.38802600964873402     
   1.17500007      0.38791074214873383     
   1.17600000      0.38779537654873392     
   1.17700005      0.38767991284873388     
   1.17800009      0.38756435104873399     
   1.17900002      0.38744869114873381     
   1.18000007      0.38733293314873379     
   1.18100011      0.38721707704873409     
   1.18200004      0.38710112284873405     
   1.18300009      0.38698507054873404     
   1.18400002      0.38686892014873381     
   1.18500006      0.38675267164873384     
   1.18600011      0.38663632504873374     
   1.18700004      0.38651988034873391     
   1.18800008      0.38640333754873368     
   1.18900001      0.38628669664873383     
   1.19000006      0.38616995764873402     
   1.19100010      0.38605312054873392     
   1.19200003      0.38593618534873397     
   1.19300008      0.38581915204873413     
   1.19400001      0.38570202064873382     
   1.19500005      0.38558479114873401     
   1.19600010      0.38546746354873379     
   1.19700003      0.38535003784873395     
   1.19800007      0.38523251404873399     
   1.19900000      0.38511489214873379     
   1.20000005      0.38499717214873391     
   1.20100009      0.38487935404873364     
   1.20200002      0.38476143784873396     
   1.20300007      0.38464342354873393     
   1.20400012      0.38452531114873367     
   1.20500004      0.38440710064873396     
   1.20600009      0.38428879204873384     
   1.20700002      0.38417038534873399     
   1.20800006      0.38405188054873401     
   1.20900011      0.38393327764873403     
   1.21000004      0.38381457664873408     
   1.21100008      0.38369577754873396     
   1.21200001      0.38357688034873377     
   1.21300006      0.38345788504873374     
   1.21400011      0.38333879164873402     
   1.21500003      0.38321960014873385     
   1.21600008      0.38310031054873378     
   1.21700001      0.38298092284873397     
   1.21800005      0.38286143704873404     
   1.21900010      0.38274185314873399     
   1.22000003      0.38262217114873404     
   1.22100008      0.38250239104873396     
   1.22200000      0.38238251284873387     
   1.22300005      0.38226253654873399     
   1.22400010      0.38214246214873382     
   1.22500002      0.38202228964873397     
   1.22600007      0.38190201904873405     
   1.22700012      0.38178165034873379     
   1.22800004      0.38166118354873396     
   1.22900009      0.38154061864873384     
   1.23000002      0.38141995564873399     
   1.23100007      0.38129919454873390     
   1.23200011      0.38117833534873385     
   1.23300004      0.38105737804873391     
   1.23400009      0.38093632264873400     
   1.23500001      0.38081516914873420     
   1.23600006      0.38069391754873405     
   1.23700011      0.38057256784873400     
   1.23800004      0.38045112004873405     
   1.23900008      0.38032957414873403     
   1.24000001      0.38020793014873389     
   1.24100006      0.38008618804873401     
   1.24200010      0.37996434784873384     
   1.24300003      0.37984240954873399     
   1.24400008      0.37972037314873397     
   1.24500000      0.37959823864873415     
   1.24600005      0.37947600604873394     
   1.24700010      0.37935367534873399     
   1.24800003      0.37923124654873375     
   1.24900007      0.37910871964873394     
   1.25000000      0.37898609464873412     
   1.25100005      0.37886337154873417     
   1.25200009      0.37874055034873400     
   1.25300002      0.37861763104873397     
   1.25400007      0.37849461364873399     
   1.25500011      0.37837149814873405     
   1.25600004      0.37824828454873421     
   1.25700009      0.37812497284873403     
   1.25800002      0.37800156304873389     
   1.25900006      0.37787805514873390     
   1.26000011      0.37775444914873413     
   1.26100004      0.37763074504873401     
   1.26200008      0.37750694284873404     
   1.26300001      0.37738304254873389     
   1.26400006      0.37725904414873407     
   1.26500010      0.37713494764873390     
   1.26600003      0.37701075304873405     
   1.26700008      0.37688646034873385     
   1.26800001      0.37676206954873415     
   1.26900005      0.37663758064873415     
   1.27000010      0.37651299364873403     
   1.27100003      0.37638830854873395     
   1.27200007      0.37626352534873414     
   1.27300000      0.37613864404873409     
   1.27400005      0.37601366464873398     
   1.27500010      0.37588858714873402     
   1.27600002      0.37576341154873411     
   1.27700007      0.37563813784873401     
   1.27800012      0.37551276604873401     
   1.27900004      0.37538729614873406     
   1.28000009      0.37526172814873399     
   1.28100002      0.37513606204873406     
   1.28200006      0.37501029784873408     
   1.28300011      0.37488443554873396     
   1.28400004      0.37475847514873406     
   1.28500009      0.37463241664873409     
   1.28600001      0.37450626004873405     
   1.28700006      0.37438000534873406     
   1.28800011      0.37425365254873422     
   1.28900003      0.37412720164873414     
   1.29000008      0.37400065264873411     
   1.29100001      0.37387400554873401     
   1.29200006      0.37374726034873396     
   1.29300010      0.37362041704873400     
   1.29400003      0.37349347564873397     
   1.29500008      0.37336643614873388     
   1.29600000      0.37323929854873411     
   1.29700005      0.37311206284873416     
   1.29800010      0.37298472904873398     
   1.29900002      0.37285729714873406     
   1.30000007      0.37272976714873396     
   1.30100012      0.37260213904873418     
   1.30200005      0.37247441284873417     
   1.30300009      0.37234658854873404     
   1.30400002      0.37221866614873406     
   1.30500007      0.37209064564873406     
   1.30600011      0.37196252704873400     
   1.30700004      0.37183431034873393     
   1.30800009      0.37170599554873412     
   1.30900002      0.37157758264873414     
   1.31000006      0.37144907164873414     
   1.31100011      0.37132046254873413     
   1.31200004      0.37119175534873422     
   1.31300008      0.37106295004873407     
   1.31400001      0.37093404664873397     
   1.31500006      0.37080504514873380     
   1.31600010      0.37067594554873406     
   1.31700003      0.37054674784873387     
   1.31800008      0.37041745204873400     
   1.31900001      0.37028805814873406     
   1.32000005      0.37015856614873416     
   1.32100010      0.37002897604873397     
   1.32200003      0.36989928784873422     
   1.32300007      0.36976950154873411     
   1.32400012      0.36963961714873395     
   1.32500005      0.36950963464873410     
   1.32600009      0.36937955404873390     
   1.32700002      0.36924937534873414     
   1.32800007      0.36911909854873409     
   1.32900012      0.36898872364873403     
   1.33000004      0.36885825064873390     
   1.33100009      0.36872767954873409     
   1.33200002      0.36859701034873410     
   1.33300006      0.36846624304873410     
   1.33400011      0.36833537764873414     
   1.33500004      0.36820441414873400     
   1.33600008      0.36807335254873402     
   1.33700001      0.36794219284873414     
   1.33800006      0.36781093504873413     
   1.33900011      0.36767957914873395     
   1.34000003      0.36754812514873414     
   1.34100008      0.36741657304873415     
   1.34200001      0.36728492284873410     
   1.34300005      0.36715317454873431     
   1.34400010      0.36702132814873417     
   1.34500003      0.36688938364873425     
   1.34600008      0.36675734104873420     
   1.34700012      0.36662520034873397     
   1.34800005      0.36649296154873412     
   1.34900010      0.36636062464873403     
   1.35000002      0.36622818964873416     
   1.35100007      0.36609565654873422     
   1.35200012      0.36596302534873415     
   1.35300004      0.36583029604873407     
   1.35400009      0.36569746864873420     
   1.35500002      0.36556454314873399     
   1.35600007      0.36543151954873404     
   1.35700011      0.36529839784873430     
   1.35800004      0.36516517804873411     
   1.35900009      0.36503186014873429     
   1.36000001      0.36489844414873401     
   1.36100006      0.36476493004873406     
   1.36200011      0.36463131784873432     
   1.36300004      0.36449760754873411     
   1.36400008      0.36436379914873412     
   1.36500001      0.36422989264873429     
   1.36600006      0.36409588804873422     
   1.36700010      0.36396178534873402     
   1.36800003      0.36382758454873421     
   1.36900008      0.36369328564873421     
   1.37000012      0.36355888864873426     
   1.37100005      0.36342439354873435     
   1.37200010      0.36328980034873426     
   1.37300003      0.36315510904873427     
   1.37400007      0.36302031964873438     
   1.37500012      0.36288543214873420     
   1.37600005      0.36275044654873428     
   1.37700009      0.36261536284873408     
   1.37800002      0.36248018104873431     
   1.37900007      0.36234490114873419     
   1.38000011      0.36220952314873406     
   1.38100004      0.36207404704873425     
   1.38200009      0.36193847284873404     
   1.38300002      0.36180280054873437     
   1.38400006      0.36166703014873425     
   1.38500011      0.36153116164873400     
   1.38600004      0.36139519504873419     
   1.38700008      0.36125913034873408     
   1.38800001      0.36112296754873424     
   1.38900006      0.36098670664873417     
   1.39000010      0.36085034764873419     
   1.39100003      0.36071389054873426     
   1.39200008      0.36057733534873426     
   1.39300001      0.36044068204873442     
   1.39400005      0.36030393765374691     
   1.39500010      0.36016710349416037     
   1.39600003      0.36003018088635824     
   1.39700007      0.35989317113146951     
   1.39800012      0.35975607551414696     
   1.39900005      0.35961889530136332     
   1.40000010      0.35948163174123210     
   1.40100002      0.35934428606185576     
   1.40200007      0.35920685947019543     
   1.40300012      0.35906935315097144     
   1.40400004      0.35893176826558837     
   1.40500009      0.35879410595109218     
   1.40600002      0.35865636731915207     
   1.40700006      0.35851855345507899     
   1.40800011      0.35838066541686958     
   1.40900004      0.35824270423428523     
   1.41000009      0.35810467090796450     
   1.41100001      0.35796656640856767     
   1.41200006      0.35782839167595543     
   1.41300011      0.35769014761840362     
   1.41400003      0.35755183511185201     
   1.41500008      0.35741345499919175     
   1.41600001      0.35727500808958529     
   1.41700006      0.35713649515782897     
   1.41800010      0.35699791694374655     
   1.41900003      0.35685927415162683     
   1.42000008      0.35672056744969621     
   1.42100012      0.35658179746963087     
   1.42200005      0.35644296480610732     
   1.42300010      0.35630407001639325     
   1.42400002      0.35616511361997771     
   1.42500007      0.35602609609823921     
   1.42600012      0.35588701789415650     
   1.42700005      0.35574787941205621     
   1.42800009      0.35560868101740245     
   1.42900002      0.35546942303662560     
   1.43000007      0.35533010575699114     
   1.43100011      0.35519072942650837     
   1.43200004      0.35505129425387727     
   1.43300009      0.35491180040847875     
   1.43400002      0.35477224802039969     
   1.43500006      0.35463263718050092     
   1.43600011      0.35449296794052143     
   1.43700004      0.35435324031322246     
   1.43800008      0.35421345427256973     
   1.43900001      0.35407360975395363     
   1.44000006      0.35393370665444723     
   1.44100010      0.35379374483309911     
   1.44200003      0.35365372411126539     
   1.44300008      0.35351364427297810     
   1.44400012      0.35337350506534498     
   1.44500005      0.35323330619899018     
   1.44600010      0.35309304734852298     
   1.44700003      0.35295272815304607     
   1.44800007      0.35281234821669138     
   1.44900012      0.35267190710919322     
   1.45000005      0.35253141217218503     
   1.45100009      0.35239086428896121     
   1.45200002      0.35225026429520873     
   1.45300007      0.35210961297840704     
   1.45400012      0.35196891107728484     
   1.45500004      0.35182815928132272     
   1.45600009      0.35168735823031072     
   1.45700002      0.35154650851395741     
   1.45800006      0.35140561067154957     
   1.45900011      0.35126466519166571     
   1.46000004      0.35112367251194193     
   1.46100008      0.35098263301888610     
   1.46200001      0.35084154704775072     
   1.46300006      0.35070041488245079     
   1.46400011      0.35055923675553852     
   1.46500003      0.35041801284822732     
   1.46600008      0.35027674329046582     
   1.46700013      0.35013542816106680     
   1.46800005      0.34999406748788120     
   1.46900010      0.34985266124802755     
   1.47000003      0.34971120936816691     
   1.47100008      0.34956971172482904     
   1.47200012      0.34942816814478689     
   1.47300005      0.34928657840547767     
   1.47400010      0.34914494223547315     
   1.47500002      0.34900326683003308     
   1.47600007      0.34886156126265405     
   1.47700012      0.34871982791505701     
   1.47800004      0.34857806909065930     
   1.47900009      0.34843628701266072     
   1.48000002      0.34829448382222383     
   1.48100007      0.34815266157674091     
   1.48200011      0.34801082224819646     
   1.48300004      0.34786896772162268     
   1.48400009      0.34772709979364863     
   1.48500001      0.34758522017114429     
   1.48600006      0.34744333046996556     
   1.48700011      0.34730143221379117     
   1.48800004      0.34715952683305934     
   1.48900008      0.34701761566400685     
   1.49000013      0.34687569994779899     
   1.49100006      0.34673378187839526     
   1.49200010      0.34659186356447513     
   1.49300003      0.34644994700926163     
   1.49400008      0.34630803410904781     
   1.49500012      0.34616612665183155     
   1.49600005      0.34602422631607133     
   1.49700010      0.34588233466955487     
   1.49800003      0.34574045316838520     
   1.49900007      0.34559858315608144     
   1.50000012      0.34545672586280018     
   1.50100005      0.34531488240467062     
   1.50200009      0.34517305378324936     
   1.50300002      0.34503124088509202     
   1.50400007      0.34488944448144032     
   1.50500011      0.34474766522802852     
   1.50600004      0.34460590366500538     
   1.50700009      0.34446416021697118     
   1.50800002      0.34432243519313138     
   1.50900006      0.34418072878756384     
   1.51000011      0.34403904107960104     
   1.51100004      0.34389737203432458     
   1.51200008      0.34375572150317024     
   1.51300013      0.34361408922464604     
   1.51400006      0.34347247482515741     
   1.51500010      0.34333087781994187     
   1.51600003      0.34318929761410982     
   1.51700008      0.34304773350378914     
   1.51800013      0.34290618467737521     
   1.51900005      0.34276465021687996     
   1.52000010      0.34262313773916037     
   1.52100003      0.34248164756209704     
   1.52200007      0.34234017988550325     
   1.52300012      0.34219873479151824     
   1.52400005      0.34205731224511093     
   1.52500010      0.34191591209470201     
   1.52600002      0.34177453407289826     
   1.52700007      0.34163317779733882     
   1.52800012      0.34149184277165212     
   1.52900004      0.34135054449332664     
   1.53000009      0.34120928515434423     
   1.53100002      0.34106806680457297     
   1.53200006      0.34092689135042936     
   1.53300011      0.34078576055368776     
   1.53400004      0.34064467603044180     
   1.53500009      0.34050363925021720     
   1.53600001      0.34036265153523615     
   1.53700006      0.34022171405982926     
   1.53800011      0.34008082785000227     
   1.53900003      0.33993999378315143     
   1.54000008      0.33979921258792906     
   1.54100013      0.33965848484425870     
   1.54200006      0.33951781098349804     
   1.54300010      0.33937719128875166     
   1.54400003      0.33923662589532882     
   1.54500008      0.33909611479134638     
   1.54600012      0.33895565827958696     
   1.54700005      0.33881525716519206     
   1.54800010      0.33867491210068545     
   1.54900002      0.33853462358608261     
   1.55000007      0.33839439196915494     
   1.55100012      0.33825421744584128     
   1.55200005      0.33811410006081338     
   1.55300009      0.33797403970818535     
   1.55400002      0.33783403613237412     
   1.55500007      0.33769408892910185     
   1.55600011      0.33755419754654531     
   1.55700004      0.33741436128662422     
   1.55800009      0.33727457930643129     
   1.55900002      0.33713485061979886     
   1.56000006      0.33699517409900187     
   1.56100011      0.33685554847659260     
   1.56200004      0.33671597234736750     
   1.56300008      0.33657644417046073     
   1.56400013      0.33643696227156367     
   1.56500006      0.33629752484526582     
   1.56600010      0.33615812995751648     
   1.56700003      0.33601877554820142     
   1.56800008      0.33587945943383396     
   1.56900012      0.33574017931035455     
   1.57000005      0.33560093275603786     
   1.57100010      0.33546171739801162     
   1.57200003      0.33532253228808556     
   1.57300007      0.33518337691974559     
   1.57400012      0.33504425066411109     
   1.57500005      0.33490515277117661     
   1.57600009      0.33476608237116706     
   1.57700002      0.33462703847600578     
   1.57800007      0.33448801998089528     
   1.57900012      0.33434902566600405     
   1.58000004      0.33421006331648895     
   1.58100009      0.33407113298811736     
   1.58200002      0.33393223461018162     
   1.58300006      0.33379336798620068     
   1.58400011      0.33365453279474555     
   1.58500004      0.33351572859038664     
   1.58600008      0.33337695480475882     
   1.58700013      0.33323821074774185     
   1.58800006      0.33309949560876406     
   1.58900011      0.33296080845821163     
   1.59000003      0.33282214824895384     
   1.59100008      0.33268351381797834     
   1.59200013      0.33254490388813451     
   1.59300005      0.33240631706997986     
   1.59400010      0.33226775186373136     
   1.59500003      0.33212921479165286     
   1.59600008      0.33199070566035038     
   1.59700012      0.33185222415626220     
   1.59800005      0.33171376984657164     
   1.59900010      0.33157534218023671     
   1.60000002      0.33143694048913142     
   1.60100007      0.33129856398930208     
   1.60200012      0.33116021178232669     
   1.60300004      0.33102188285678857     
   1.60400009      0.33088357608985108     
   1.60500002      0.33074529024893901     
   1.60600007      0.33060702399351782     
   1.60700011      0.33046877587697610     
   1.60800004      0.33033054434860093     
   1.60900009      0.33019232775565044     
   1.61000013      0.33005412434551556     
   1.61100006      0.32991593226797283     
   1.61200011      0.32977774957752204     
   1.61300004      0.32963957423580814     
   1.61400008      0.32950140411412493     
   1.61500013      0.32936323699599385     
   1.61600006      0.32922507150886543     
   1.61700010      0.32908690643036531     
   1.61800003      0.32894874044964567     
   1.61900008      0.32881057216914011     
   1.62000012      0.32867240839656042     
   1.62100005      0.32853424911085438     
   1.62200010      0.32839609419339216     
   1.62300003      0.32825794342857451     
   1.62400007      0.32811979650453216     
   1.62500012      0.32798165389696471     
   1.62600005      0.32784351744339496     
   1.62700009      0.32770538887084760     
   1.62800002      0.32756726979467404     
   1.62900007      0.32742916171749509     
   1.63000011      0.32729106602826319     
   1.63100004      0.32715298400144055     
   1.63200009      0.32701491679629802     
   1.63300014      0.32687686545633121     
   1.63400006      0.32673883090879585     
   1.63500011      0.32660081396436269     
   1.63600004      0.32646281531688809     
   1.63700008      0.32632483554330555     
   1.63800013      0.32618687510363342     
   1.63900006      0.32604893434109866     
   1.64000010      0.32591101348237778     
   1.64100003      0.32577311263795344     
   1.64200008      0.32563523180258480     
   1.64300013      0.32549737085589037     
   1.64400005      0.32535952956304554     
   1.64500010      0.32522170757558888     
   1.64600003      0.32508390443233859     
   1.64700007      0.32494611956041802     
   1.64800012      0.32480835227638599     
   1.64900005      0.32467060178747448     
   1.65000010      0.32453286719292629     
   1.65100002      0.32439514748543707     
   1.65200007      0.32425744155269504     
   1.65300012      0.32411974817901823     
   1.65400004      0.32398206604708663     
   1.65500009      0.32384439373976848     
   1.65600014      0.32370672974203574     
   1.65700006      0.32356907244296934     
   1.65800011      0.32343142013784870     
   1.65900004      0.32329377103032608     
   1.66000009      0.32315612323468118     
   1.66100013      0.32301847477815293     
   1.66200006      0.32288082360334813     
   1.66300011      0.32274316757072191     
   1.66400003      0.32260550446112801     
   1.66500008      0.32246783197843581     
   1.66600013      0.32233014775221130     
   1.66700006      0.32219244934045876     
   1.66800010      0.32205473423242248     
   1.66900003      0.32191699985143779     
   1.67000008      0.32177924355784088     
   1.67100012      0.32164146265192106     
   1.67200005      0.32150365437692213     
   1.67300010      0.32136581592208308     
   1.67400002      0.32122794442571972     
   1.67500007      0.32109003697834121     
   1.67600012      0.32095209176920309     
   1.67700005      0.32081410700982149     
   1.67800009      0.32067608086406713     
   1.67900014      0.32053801145023991     
   1.68000007      0.32039989684317832     
   1.68100011      0.32026173507640193     
   1.68200004      0.32012352414428386     
   1.68300009      0.31998526200425353     
   1.68400013      0.31984694657902246     
   1.68500006      0.31970857575883632     
   1.68600011      0.31957014740374606     
   1.68700004      0.31943165934589962     
   1.68800008      0.31929310939184896     
   1.68900013      0.31915449532487100     
   1.69000006      0.31901581490730180     
   1.69100010      0.31887706620537981     
   1.69200003      0.31873824816729529     
   1.69300008      0.31859935971871467     
   1.69400012      0.31846039976396773     
   1.69500005      0.31832136718724940     
   1.69600010      0.31818226085383705     
   1.69700003      0.31804307961131895     
   1.69800007      0.31790382229083614     
   1.69900012      0.31776448770833221     
   1.70000005      0.31762507466581441     
   1.70100009      0.31748558195262072     
   1.70200002      0.31734600834669480     
   1.70300007      0.31720635261586344     
   1.70400012      0.31706661351912069     
   1.70500004      0.31692678980791245     
   1.70600009      0.31678688022742302     
   1.70700014      0.31664688351786052     
   1.70800006      0.31650679841574286     
   1.70900011      0.31636662365517831     
   1.71000004      0.31622635796914422     
   1.71100008      0.31608600009075966     
   1.71200013      0.31594554875455128     
   1.71300006      0.31580500269771228     
   1.71400011      0.31566436066135084     
   1.71500003      0.31552362139173062     
   1.71600008      0.31538278402211073     
   1.71700013      0.31524184855249054     
   1.71800005      0.31510081498287051     
   1.71900010      0.31495968331325047     
   1.72000003      0.31481845354363036     
   1.72100008      0.31467712567401024     
   1.72200012      0.31453569970439016     
   1.72300005      0.31439417563477012     
   1.72400010      0.31425255346515008     
   1.72500002      0.31411083319553013     
   1.72600007      0.31396901482590989     
   1.72700012      0.31382709835628986     
   1.72800004      0.31368508378666976     
   1.72900009      0.31354297111704987     
   1.73000014      0.31340076034742975     
   1.73100007      0.31325845147780973     
   1.73200011      0.31311604450818964     
   1.73300004      0.31297353943856954     
   1.73400009      0.31283093626894937     
   1.73500013      0.31268823499932946     
   1.73600006      0.31254543562970943     
   1.73700011      0.31240253816008923     
   1.73800004      0.31225954259046917     
   1.73900008      0.31211644892084900     
   1.74000013      0.31197325715122909     
   1.74100006      0.31182996728160906     
   1.74200010      0.31168657931198895     
   1.74300003      0.31154309324236884     
   1.74400008      0.31139950907274883     
   1.74500012      0.31125582680312858     
   1.74600005      0.31111204643350859     
   1.74700010      0.31096816796388860     
   1.74800003      0.31082419139426853     
   1.74900007      0.31068011672464840     
   1.75000012      0.31053594395502826     
   1.75100005      0.31039167308540810     
   1.75200009      0.31024730411578827     
   1.75300014      0.31010283704616820     
   1.75400007      0.30995827187654806     
   1.75500011      0.30981360860692797     
   1.75600004      0.30966884723730792     
   1.75700009      0.30952398776768786     
   1.75800014      0.30937903019806778     
   1.75900006      0.30923397452844781     
   1.76000011      0.30908882075882771     
   1.76100004      0.30894356888920754     
   1.76200008      0.30879821891958753     
   1.76300013      0.30865277084996739     
   1.76400006      0.30850722468034747     
   1.76500010      0.30836158041072737     
   1.76600003      0.30821583804110725     
   1.76700008      0.30806999757148723     
   1.76800013      0.30792405900186709     
   1.76900005      0.30777802233224694     
   1.77000010      0.30763188756262699     
   1.77100003      0.30748565469300687     
   1.77200007      0.30733932372338685     
   1.77300012      0.30719289465376687     
   1.77400005      0.30704636748414676     
   1.77500010      0.30689974221452665     
   1.77600014      0.30675301884490658     
   1.77700007      0.30660619737528644     
   1.77800012      0.30645927780566651     
   1.77900004      0.30631226013604634     
   1.78000009      0.30616514436642628     
   1.78100014      0.30601793049680631     
   1.78200006      0.30587061852718611     
   1.78300011      0.30572320845756601     
   1.78400004      0.30557570028794601     
   1.78500009      0.30542809401832605     
   1.78600013      0.30528038964870585     
   1.78700006      0.30513258717908576     
   1.78800011      0.30498468660946565     
   1.78900003      0.30483668793984559     
   1.79000008      0.30468859117022562     
   1.79100013      0.30454039630060553     
   1.79200006      0.30439210333098543     
   1.79300010      0.30424371226136537     
   1.79400003      0.30409522309174525     
   1.79500008      0.30394663582212528     
   1.79600012      0.30379795045250524     
   1.79700005      0.30364916698288513     
   1.79800010      0.30350028541326507     
   1.79900014      0.30335130574364505     
   1.80000007      0.30320222797402496     
   1.80100012      0.30305305210440486     
   1.80200005      0.30290377813478475     
   1.80300009      0.30275440606516468     
   1.80400014      0.30260493589554466     
   1.80500007      0.30245536762592462     
   1.80600011      0.30230570125630463     
   1.80700004      0.30215593678668445     
   1.80800009      0.30200607421706444     
   1.80900013      0.30185611354744435     
   1.81000006      0.30170605477782420     
   1.81100011      0.30155589790820420     
   1.81200004      0.30140564293858402     
   1.81300008      0.30125528986896405     
   1.81400013      0.30110483869934396     
   1.81500006      0.30095428942972402     
   1.81600010      0.30080364206010385     
   1.81700003      0.30065289659048372     
   1.81800008      0.30050205302086375     
   1.81900012      0.30035111135124365     
   1.82000005      0.30020007158162360     
   1.82100010      0.30004893371200336     
   1.82200015      0.29989769774238356     
   1.82300007      0.29974636367276336     
   1.82400012      0.29959494057294200     
   1.82500005      0.29944343018274933     
   1.82600009      0.29929183422348810     
   1.82700014      0.29914015439630409     
   1.82800007      0.29898839238058650     
   1.82900012      0.29883654983239716     
   1.83000004      0.29868462838293086     
   1.83100009      0.29853262963700899     
   1.83200014      0.29838055517160600     
   1.83300006      0.29822841559178814     
   1.83400011      0.29807621416329383     
   1.83500004      0.29792395410124300     
   1.83600008      0.29777163856717609     
   1.83700013      0.29761927066615956     
   1.83800006      0.29746685344396367     
   1.83900011      0.29731438988431252     
   1.84000003      0.29716188290621193     
   1.84100008      0.29700933536135216     
   1.84200013      0.29685675003159467     
   1.84300005      0.29670412962653780     
   1.84400010      0.29655147678116955     
   1.84500003      0.29639879405360525     
   1.84600008      0.29624608392291374     
   1.84700012      0.29609334878703386     
   1.84800005      0.29594059096078196     
   1.84900010      0.29578781267395193     
   1.85000014      0.29563501606951254     
   1.85100007      0.29548220320189644     
   1.85200012      0.29532937603538933     
   1.85300004      0.29517653644261660     
   1.85400009      0.29502368620312891     
   1.85500014      0.29487082700208744     
   1.85600007      0.29471796042905174     
   1.85700011      0.29456508797686687     
   1.85800004      0.29441221104065535     
   1.85900009      0.29425933091690964     
   1.86000013      0.29410644880268999     
   1.86100006      0.29395356579492288     
   1.86200011      0.29380068288980643     
   1.86300004      0.29364780098231696     
   1.86400008      0.29349492086582019     
   1.86500013      0.29334204323178570     
   1.86600006      0.29318916866960598     
   1.86700010      0.29303629766651618     
   1.86800003      0.29288343060761823     
   1.86900008      0.29273056777600670     
   1.87000012      0.29257770935299487     
   1.87100005      0.29242485541844321     
   1.87200010      0.29227200595118658     
   1.87300014      0.29211916082955974     
   1.87400007      0.29196631983202298     
   1.87500012      0.29181348263788132     
   1.87600005      0.29166064882810278     
   1.87700009      0.29150781788622715     
   1.87800014      0.29135498919937158     
   1.87900007      0.29120216205932431     
   1.88000011      0.29104933566372937     
   1.88100004      0.29089650911736054     
   1.88200009      0.29074368143348062     
   1.88300014      0.29059085153528524     
   1.88400006      0.29043801825743076     
   1.88500011      0.29028518034764156     
   1.88600004      0.29013234754665918     
   1.88700008      0.28997952022208417     
   1.88800013      0.28982669863904542     
   1.88900006      0.28967388296044755     
   1.89000010      0.28952107324731940     
   1.89100003      0.28936826945926214     
   1.89200008      0.28921547145499688     
   1.89300013      0.28906267899301008     
   1.89400005      0.28890989173229698     
   1.89500010      0.28875710923319931     
   1.89600015      0.28860433095833837     
   1.89700007      0.28845155627364133     
   1.89800012      0.28829878444945828     
   1.89900005      0.28814601466176998     
   1.90000010      0.28799324599348464     
   1.90100014      0.28784047743581848     
   1.90200007      0.28768770788976444     
   1.90300012      0.28753493616764209     
   1.90400004      0.28738216099472835     
   1.90500009      0.28722938101096723     
   1.90600014      0.28707659477275738     
   1.90700006      0.28692380075481222     
   1.90800011      0.28677099735209499     
   1.90900004      0.28661818288182173     
   1.91000009      0.28646535558553277     
   1.91100013      0.28631252360972215     
   1.91200006      0.28615968687077731     
   1.91300011      0.28600684519609149     
   1.91400003      0.28585399832468072     
   1.91500008      0.28570114590788614     
   1.91600013      0.28554828751016159     
   1.91700006      0.28539542260994433     
   1.91800010      0.28524255060060516     
   1.91900015      0.28508967079148151     
   1.92000008      0.28493678284955587     
   1.92100012      0.28478388731575366     
   1.92200005      0.28463098464073161     
   1.92300010      0.28447807518487617     
   1.92400014      0.28432515921839646     
   1.92500007      0.28417223692150378     
   1.92600012      0.28401930838468220     
   1.92700005      0.28386637360904576     
   1.92800009      0.28371343250678505     
   1.92900014      0.28356048530794437     
   1.93000007      0.28340753315179190     
   1.93100011      0.28325457708071849     
   1.93200004      0.28310161803967993     
   1.93300009      0.28294865687573950     
   1.93400013      0.28279569433770946     
   1.93500006      0.28264273107589516     
   1.93600011      0.28248976764193484     
   1.93700004      0.28233680448874376     
   1.93800008      0.28218384197055346     
   1.93900013      0.28203088034305124     
   1.94000006      0.28187791976361753     
   1.94100010      0.28172496029165950     
   1.94200015      0.28157200188904208     
   1.94300008      0.28141904442061311     
   1.94400012      0.28126608765482469     
   1.94500005      0.28111313126444548     
   1.94600010      0.28096017482736668     
   1.94700015      0.28080721782749923     
   1.94800007      0.28065425965575941     
   1.94900012      0.28050129961114251     
   1.95000005      0.28034833690188349     
   1.95100009      0.28019537064670325     
   1.95200014      0.28004239987613661     
   1.95300007      0.27988942353394347     
   1.95400012      0.27973644047859814     
   1.95500004      0.27958344948485814     
   1.95600009      0.27943044924540733     
   1.95700014      0.27927743837257385     
   1.95800006      0.27912441540011979     
   1.95900011      0.27897137878509964     
   1.96000004      0.27881832690978792     
   1.96100008      0.27866525808366926     
   1.96200013      0.27851217054549410     
   1.96300006      0.27835906246539316     
   1.96400011      0.27820593194705034     
   1.96500015      0.27805277702993153     
   1.96600008      0.27789959569156564     
   1.96700013      0.27774639716427535     
   1.96800005      0.27759318117540660     
   1.96900010      0.27743994737597355     
   1.97000015      0.27728669534138861     
   1.97100008      0.27713342457226536     
   1.97200012      0.27698013449529180     
   1.97300005      0.27682682446417312     
   1.97400010      0.27667349376064371     
   1.97500014      0.27652014159554444     
   1.97600007      0.27636676710996616     
   1.97700012      0.27621336937645807     
   1.97800004      0.27605994740029766     
   1.97900009      0.27590650012082168     
   1.98000014      0.27575302641281618     
   1.98100007      0.27559952549513861     
   1.98200011      0.27544599756829791     
   1.98300004      0.27529244276267162     
   1.98400009      0.27513886113872599     
   1.98500013      0.27498525268730534     
   1.98600006      0.27483161732998923     
   1.98700011      0.27467795491951746     
   1.98800004      0.27452426524028101     
   1.98900008      0.27437054800887983     
   1.99000013      0.27421680287474481     
   1.99100006      0.27406302942082472     
   1.99200010      0.27390922716433502     
   1.99300015      0.27375539555757006     
   1.99400008      0.27360153398877451     
   1.99500012      0.27344764178307657     
   1.99600005      0.27329371820347675     
   1.99700010      0.27313976245189747     
   1.99800014      0.27298577367028481     
   1.99900007      0.27283175094176720     
   2.00000000      0.27267769329186675     
