  0.53258530633844825       0.51913116162343897       0.10180360805742912        2.0000000000000000E-002
  0.41713789588963057       0.72704092079229121       0.20292551329346126        2.0000000000000000E-002
  0.46718245557540716       0.24382503348703222       0.13777016245225376        2.0000000000000000E-002
  0.21062246202756185       0.24823088579762209       0.21537536651498909        2.0000000000000000E-002
  0.69051142301835911       0.64881957260504286        5.5738793534504644E-002   2.0000000000000000E-002
  0.26570735186761418       0.38811603539354889       0.21360113372553380        2.0000000000000000E-002
  0.24229655339184597       0.84383607544439054        2.0978545205055526E-002   2.0000000000000000E-002
  0.81934105080324537        7.7188313957553212E-002   4.0706549239117061E-002   2.0000000000000000E-002
  0.34504204829236229       0.44960098651003416        1.8968380323037163E-002   2.0000000000000000E-002
  0.64724908955791860       0.77819478640325768       0.18464894876267474        2.0000000000000000E-002
  0.74560585469459317       0.12639905366654386       0.21611271499016033        2.0000000000000000E-002
  0.46012306847757511       0.45873882200921801        5.1399169549014537E-002   2.0000000000000000E-002
  0.12018447420726613       0.11731032438277303        6.3965461088159939E-002   2.0000000000000000E-002
  0.37174565071836124        1.5474686393612191E-002   5.9048355336859155E-002   2.0000000000000000E-002
  0.33469472194063565       0.37138061692235291       0.16942429356607927        2.0000000000000000E-002
  0.34844248864904803       0.96553618959344423        3.8301574620440093E-002   2.0000000000000000E-002
  0.65486980857711929       0.51364848259120177       0.21542289786016766        2.0000000000000000E-002
  0.78869793049622516       0.75751208107590784       0.15579561632689345        2.0000000000000000E-002
  0.78672880535296630       0.81358056912853316       0.11047716635695827        2.0000000000000000E-002
  0.38784745385034591       0.63224084998348395       0.21919561408537705        2.0000000000000000E-002
  0.24077008214333459       0.74368166369516575        8.1132695260700452E-002   2.0000000000000000E-002
  0.39275008863739036       0.43806351129919996       0.11698836770711116        2.0000000000000000E-002
  0.70268819086240308       0.16693398111777716       0.20207681312872533        2.0000000000000000E-002
  0.77985090170204707       0.54908499674387912       0.14585322641807394        2.0000000000000000E-002
  0.12337144795077694       0.49096973551868373       0.14528868813060750        2.0000000000000000E-002
  0.48641178686973707       0.64239501695806034       0.20853805694227881        2.0000000000000000E-002
  0.51948322840713379       0.18990766520657426        6.7195192649519467E-002   2.0000000000000000E-002
  0.21292339987965589       0.49680903398989473       0.19575705926522247        2.0000000000000000E-002
  0.48029386607627444       0.72348818958721528       0.11696081543141792        2.0000000000000000E-002
  0.37531603452853313        1.7937648337397395E-002  0.20893204689308828        2.0000000000000000E-002
  0.67360612376389251       0.25966401526766342       0.11519033934197413        2.0000000000000000E-002
  0.41876088077126672       0.94808384339514051       0.11803878524537584        2.0000000000000000E-002
   2.5549023164071566E-002  0.29579868403357640        1.5422854394275522E-002   2.0000000000000000E-002
  0.51075589874904770       0.51797749000732229        5.4318633557591200E-002   2.0000000000000000E-002
  0.44641970257423441       0.80928482443906125       0.51675564181633771        2.0000000000000000E-002
  0.18612233354154945       0.59538854017539100       0.21322456905367823        2.0000000000000000E-002
  0.19300241982973643       0.46191608130758627       0.19738540520627590        2.0000000000000000E-002
  0.66684751433182954       0.55186643226419219        4.8373198954855132E-002   2.0000000000000000E-002
  0.36767992629872776       0.54641130156682405       0.21609779455047659        2.0000000000000000E-002
  0.21677886747138073       0.88247085182338603        6.6752323108607514E-002   2.0000000000000000E-002
  0.70667902650512093       0.44868831095105810        3.3818349051324276E-002   2.0000000000000000E-002
  0.11659079364632054       0.61376998348990652       0.21625075578021979        2.0000000000000000E-002
  0.77084996107168569       0.14817808203418517       0.64555679257467991        2.0000000000000000E-002
  0.21648594215187483       0.32142772285919108        9.8628955930927187E-002   2.0000000000000000E-002
  0.98360705292743122       0.56507279669962696       0.12417727264648525        2.0000000000000000E-002
  0.62860504630943070       0.28752335409019131        6.0273725423379929E-002   2.0000000000000000E-002
  0.27144414184415572       0.39622867064375472        2.2207945191737168E-002   2.0000000000000000E-002
  0.24410281538219292       0.67032863907852058       0.16601503951883190        2.0000000000000000E-002
  0.65541048731484686       0.48142235662694671        2.0833773784321614E-002   2.0000000000000000E-002
  0.55190387017088816       0.20311783424693497        2.2754627314045213E-002   2.0000000000000000E-002
  0.62015403528139357       0.59824738840833125        9.7343432391914717E-002   2.0000000000000000E-002
  0.78246260033564308       0.20015250075832591        6.2186662987045678E-002   2.0000000000000000E-002
  0.81902495029723899       0.49922819099060473        8.9319849606661464E-002   2.0000000000000000E-002
  0.17403661815751803       0.42775175695572570       0.15807446421735449        2.0000000000000000E-002
  0.88821780323855559       0.61101007887558978        2.3879769126145450E-002   2.0000000000000000E-002
  0.57401530838357062       0.45966908586194483       0.22390449975522284        2.0000000000000000E-002
  0.31259288627244486       0.78256651890094897       0.37299769270321526        2.0000000000000000E-002
  0.64878572973609272       0.85237133199015602       0.10032802018572481        2.0000000000000000E-002
  0.50195609488605464       0.88977049693338717        4.5480294841517228E-002   2.0000000000000000E-002
  0.32552220749801736       0.58020832791350707       0.18322885124996993        2.0000000000000000E-002
  0.21281189503202008       0.14012064752663383       0.20414847647350109        2.0000000000000000E-002
  0.40612426176574834       0.20051512322951676        9.7268722831533344E-002   2.0000000000000000E-002
  0.34204781240379667       0.41888510564269577       0.21696303733224601        2.0000000000000000E-002
  0.15579883691971683        1.6542719486767551E-002  0.44678757441341882        2.0000000000000000E-002
  0.28074210655508186       0.43821944968613469        2.2404888624514955E-002   2.0000000000000000E-002
   4.7809009445520835E-002  0.44776209780249127        6.1814763704156069E-002   2.0000000000000000E-002
  0.52829522643559645       0.48984089028103650       0.21996819975007723        2.0000000000000000E-002
  0.43741492567065954       0.79028226337941576       0.20379743867284639        2.0000000000000000E-002
  0.11588864906174429       0.30269816730428484       0.12938321097788127        2.0000000000000000E-002
  0.92505228214420798       0.49318888092273072        6.1375767546963812E-002   2.0000000000000000E-002
  0.32695018729110747        4.0378661024912818E-002  0.18761671294415366        2.0000000000000000E-002
  0.17053465763779493       0.25940171124820655       0.22332187618916380        2.0000000000000000E-002
  0.73745293406978962       0.55192360673750884       0.18623722775413076        2.0000000000000000E-002
  0.72840028178222127       0.56887814928208502        2.0477978855562590E-002   2.0000000000000000E-002
  0.45742666628340312       0.50107418685599148       0.20812497276110198        2.0000000000000000E-002
  0.39938833081735214       0.81213014256842730        5.7905213824468844E-002   2.0000000000000000E-002
  0.80167864715515147       0.34281459845645157       0.18917508075451672        2.0000000000000000E-002
  0.75766978350877501       0.39115054283075856       0.13803118233355213        2.0000000000000000E-002
  0.64029003048233946       0.68981644595247149        2.7705422735447096E-002   2.0000000000000000E-002
   4.9441908483210451E-002  0.54137755239902685       0.59057510647500933        2.0000000000000000E-002
  0.56447543636902109       0.19540673372840120        9.1982146589582744E-002   2.0000000000000000E-002
  0.75041429391783498       0.26115300513446260       0.13745912846519145        2.0000000000000000E-002
  0.34489591090175847       0.73556495426337720       0.22733983681510717        2.0000000000000000E-002
  0.18029481812462875       0.84740559319436370        2.5904593035568059E-002   2.0000000000000000E-002
  0.47212742143451736       0.38887061528027911       0.13866491182807228        2.0000000000000000E-002
  0.44780138897472732       0.58981969853514804       0.16951212560129497        2.0000000000000000E-002
  0.66255517148493226       0.87911299830446799        1.8822082646124248E-002   2.0000000000000000E-002
  0.19622583532648136       0.21659849331451023        9.9623678466280230E-002   2.0000000000000000E-002
  0.29876437162114733        8.7771290598080864E-002  0.22534014915673892        2.0000000000000000E-002
  0.30960589943009298       0.23541848653165995        6.9281313629250968E-002   2.0000000000000000E-002
  0.38697727248265340       0.32916051346600611       0.17023451624348251        2.0000000000000000E-002
  0.66488656346178909       0.37302125975199779       0.18781151778658170        2.0000000000000000E-002
  0.29763800151373609       0.72303323778854145        4.2675347212854389E-002   2.0000000000000000E-002
  0.82700706854393446       0.56205895185825239       0.13726128117912079        2.0000000000000000E-002
  0.53091825257661118       0.25535196380156933        2.4486199505940824E-002   2.0000000000000000E-002
  0.54309267163594843       0.59070013830558743       0.12454763764898621        2.0000000000000000E-002
  0.65217638279265955       0.18677368161912639       0.11789944244041912        2.0000000000000000E-002
  0.40598636418217954       0.47104804302503389        8.0021611820045163E-002   2.0000000000000000E-002
  0.93857790292089660       0.37314536147068145       0.20387078507708864        2.0000000000000000E-002
  0.66370733727733466       0.44759500734106950        3.7389334052908105E-002   2.0000000000000000E-002
