  0.66945685574969271       0.49611144070037289        2.7860072580614251E-002   2.0000000000000000E-002
  0.41713789588963057       0.72704092079229121        4.1306702092554159E-002   2.0000000000000000E-002
  0.46718245557540716       0.24382503348703222       0.13742615034975456        2.0000000000000000E-002
  0.21062246202756185       0.24823088579762209       0.12141380774900094        2.0000000000000000E-002
  0.77936505729651118       0.62905812211668199        5.9198977092381803E-002   2.0000000000000000E-002
  0.26570735186761418       0.38811603539354889        1.0989061116947247E-002   2.0000000000000000E-002
  0.17212647409256498       0.96678412279287029        8.9432551144528125E-002   2.0000000000000000E-002
  0.76611275031254122       0.19492046057974910        2.7181742146589308E-002   2.0000000000000000E-002
  0.41193794789621868       0.33151500718076421        6.0209686814205389E-002   2.0000000000000000E-002
  0.71086544793562356       0.70341147585348240        1.7316903896294849E-002   2.0000000000000000E-002
  0.74560585469459317       0.12639905366654386       0.12068313521484597        2.0000000000000000E-002
  0.42476243345412013       0.41533142024722980        9.5366235837156671E-002   2.0000000000000000E-002
  0.16454815893691971        3.2456241273175174E-002   6.8384623259981778E-002   2.0000000000000000E-002
  0.43737326690164224       0.13403396048810007       0.18392511752466278        2.0000000000000000E-002
  0.33469472194063565       0.37138061692235291       0.14006008152359659        2.0000000000000000E-002
  0.45504430358781511       0.83884063054068569        4.4108443318532010E-002   2.0000000000000000E-002
  0.65486980857711929       0.51364848259120177       0.12223174589759475        2.0000000000000000E-002
  0.75974767180638592       0.69369555937937111       0.11727270029664791        2.0000000000000000E-002
  0.68333098045253549       0.76483514894035443       0.12866166005830079        2.0000000000000000E-002
  0.38784745385034591       0.63224084998348395       0.11605696444241687        2.0000000000000000E-002
  0.30164440631670908       0.76583644208418877       0.25655135632674309        2.0000000000000000E-002
  0.38723319172225390       0.37496972870453016       0.13239966648410800        2.0000000000000000E-002
  0.70268819086240308       0.16693398111777716       0.13226055964022496        2.0000000000000000E-002
  0.77985090170204707       0.54908499674387912       0.16560267348088450        2.0000000000000000E-002
  0.12337144795077694       0.49096973551868373       0.16724609967372914        2.0000000000000000E-002
  0.48641178686973707       0.64239501695806034       0.12812187470408626        2.0000000000000000E-002
  0.43464761890063658       0.15228611857798194        2.9886747842166834E-002   2.0000000000000000E-002
  0.24776288022527182       0.50398469720439776        5.9699819581915739E-002   2.0000000000000000E-002
  0.48029386607627444       0.72348818958721528       0.13289349426184613        2.0000000000000000E-002
  0.26064266393753149        7.8491755063375024E-002   2.8223322718731299E-002   2.0000000000000000E-002
  0.67360612376389251       0.25966401526766342       0.21703731932414266        2.0000000000000000E-002
  0.50779061804258452       0.81729361734358241        3.2449474194125208E-002   2.0000000000000000E-002
  0.15993512357456341       0.39963474623553130        4.5943519986732767E-002   2.0000000000000000E-002
  0.60163756260444989       0.43480089426990032        8.1355612264520413E-002   2.0000000000000000E-002
  0.37674482540160253       0.91762283557791446       0.70599153887156652        2.0000000000000000E-002
  0.18612233354154945       0.59538854017539100        1.0977353118229623E-002   2.0000000000000000E-002
  0.19400337668285403       0.46355213167285270       0.13606561059560654        2.0000000000000000E-002
  0.61901104733795531       0.62645102921842455        6.6137856768759676E-002   2.0000000000000000E-002
  0.39290562573133198       0.54405569807709664        2.0556240906446390E-002   2.0000000000000000E-002
  0.24116424210386031       0.79554089669611761       0.32563582480657227        2.0000000000000000E-002
  0.68811044030235513       0.62312685818044944       0.12018166394410529        2.0000000000000000E-002
  0.11659079364632054       0.61376998348990652        1.4377876438347386E-002   2.0000000000000000E-002
  0.74987302185603011        5.8505483315226807E-002  0.77081523351679160        2.0000000000000000E-002
  0.21648594215187483       0.32142772285919108       0.24314763535577089        2.0000000000000000E-002
  0.84045887203361447       0.58079008235048946       0.10379230886240985        2.0000000000000000E-002
  0.62860504630943070       0.28752335409019131       0.11412631657204889        2.0000000000000000E-002
  0.28835359075358652       0.29388039765574836        4.4404231266724763E-002   2.0000000000000000E-002
  0.21358943855294588       0.56468797200277709        3.2736690922466012E-002   2.0000000000000000E-002
  0.55367085143539696       0.41759025503859931        5.2100872531647274E-002   2.0000000000000000E-002
  0.43329314474926273       0.32071204080023302        1.1364340679190061E-002   2.0000000000000000E-002
  0.62466132501354177       0.70187127423104145        8.5826205864993607E-002   2.0000000000000000E-002
  0.64126380122863125       0.20513110338326468        5.8993246975548072E-002   2.0000000000000000E-002
  0.77700737153647215       0.44073496760091629        5.8718997345567965E-002   2.0000000000000000E-002
  0.20454999498676507       0.53339242403150133        8.6114525132392775E-002   2.0000000000000000E-002
  0.89529932098441312       0.49310800777163394        2.6101946235048336E-002   2.0000000000000000E-002
  0.64633839361587708       0.45801775234879188       0.15325302191689774        2.0000000000000000E-002
  0.44600102026476363       0.68845185998543723       0.33868618792327448        2.0000000000000000E-002
  0.61772942442983381       0.77768967022648938       0.21089572702038775        2.0000000000000000E-002
  0.58102635888439225       0.78864828356116934        9.5733239809376106E-002   2.0000000000000000E-002
  0.38940626435072062       0.58090759514151746       0.13151378334540739        2.0000000000000000E-002
  0.19170781512436225        9.3567075939545871E-002   8.7835849036967950E-002   2.0000000000000000E-002
  0.48871509710057059       0.24120855399373284        4.0088785989407315E-002   2.0000000000000000E-002
  0.34204781240379667       0.41888510564269577       0.12052913309276375        2.0000000000000000E-002
  0.10088105596313032       0.15293844946751017       0.29916898725414381        2.0000000000000000E-002
  0.28867344667967676       0.52139660632145757        3.0713622620812328E-002   2.0000000000000000E-002
   4.1879313051617961E-002  0.33929684784385922       0.30555443461434190        2.0000000000000000E-002
  0.52829522643559645       0.48984089028103650        2.8960781137902288E-002   2.0000000000000000E-002
  0.43741492567065954       0.79028226337941576        3.8975790888028633E-002   2.0000000000000000E-002
  0.11588864906174429       0.30269816730428484       0.19404557855771715        2.0000000000000000E-002
  0.80590885490680764       0.60356675862913656        9.2790516554671090E-002   2.0000000000000000E-002
  0.30983459919290346       0.17701219575791072        1.9204989490350419E-002   2.0000000000000000E-002
  0.17053465763779493       0.25940171124820655       0.10749025738815610        2.0000000000000000E-002
  0.73745293406978962       0.55192360673750884        8.4399583379121484E-002   2.0000000000000000E-002
  0.60379063194039218       0.66205659324726140        4.5536471072793273E-002   2.0000000000000000E-002
  0.45742666628340312       0.50107418685599148        2.3162052712776243E-002   2.0000000000000000E-002
  0.32114430454416032       0.77480288044096191       0.19028607628711341        2.0000000000000000E-002
  0.77446945942146150       0.30997377117961500       0.12066706984730141        2.0000000000000000E-002
  0.75766978350877501       0.39115054283075856       0.17923684731533226        2.0000000000000000E-002
  0.54898480270739036       0.73402923431928080        2.4635233665934758E-002   2.0000000000000000E-002
   3.1414654587885227E-002  0.52983887965552168       0.49539642759317987        2.0000000000000000E-002
  0.56864086965198657       0.20505356312534326        5.3797547892018571E-002   2.0000000000000000E-002
  0.60079114468494410       0.36497307239485810       0.35536037910569329        2.0000000000000000E-002
  0.34489591090175847       0.73556495426337720        8.5959202897509676E-002   2.0000000000000000E-002
  0.26265268058161678       0.78037987116565444        5.0576208905915979E-002   2.0000000000000000E-002
  0.47212742143451736       0.38887061528027911       0.13760060581467340        2.0000000000000000E-002
  0.43055882236925075       0.52510380255649025        8.6958111169604529E-002   2.0000000000000000E-002
  0.69222677438376623       0.63915268207046982        1.6126914672867261E-002   2.0000000000000000E-002
  0.30303580388372903       0.21366187043738100        1.8299208724103025E-002   2.0000000000000000E-002
  0.33909478851588731       0.10482994651996486       0.10348333171590887        2.0000000000000000E-002
  0.44663926525413933       0.22079305450975137        6.1600036985601105E-002   2.0000000000000000E-002
  0.33179650646116698       0.30167033919519409        1.3243098297740374E-002   2.0000000000000000E-002
  0.61044503234771863       0.33332867306171771        1.1622955488743706E-002   2.0000000000000000E-002
  0.29680988357212956       0.73008516213528307        6.0684603561137494E-002   2.0000000000000000E-002
  0.77622256720904603       0.62601306763656095       0.12710276917790300        2.0000000000000000E-002
  0.57097329585108003       0.40882209734549946       0.14498566011227937        2.0000000000000000E-002
  0.47723077458832602       0.58593677379609055        8.2969217438136095E-002   2.0000000000000000E-002
  0.65217638279265955       0.18677368161912639       0.21282387297505601        2.0000000000000000E-002
  0.21895119146717315       0.41676342220301343        5.2133272637595159E-002   2.0000000000000000E-002
  0.83054667480558375       0.41523559151860123       0.13444375951013493        2.0000000000000000E-002
  0.58097689495455185       0.34446446924822960        9.1372479903054721E-002   2.0000000000000000E-002
