  0.73211353762561926       0.45390469828850089       0.28431252250312339        2.0000000000000000E-002
  0.41713789588963057       0.72704092079229121       0.56333604209253074        2.0000000000000000E-002
  0.46718245557540716       0.24382503348703222       0.21916278478716045        2.0000000000000000E-002
  0.21062246202756185       0.24823088579762209       0.34192308590378889        2.0000000000000000E-002
  0.78830530610186733       0.62033715720140481       0.42204167215568184        2.0000000000000000E-002
  0.26570735186761418       0.38811603539354889       0.52618253514306323        2.0000000000000000E-002
  0.10533118616819734       0.34628274187495128       0.17956762942520990        2.0000000000000000E-002
  0.69707123854283493       0.31143286233499506        9.7450072672000301E-002   2.0000000000000000E-002
  0.36424484864411166       0.29582767758190448       0.48964928654935141        2.0000000000000000E-002
  0.73341892766083727       0.67689905167077624       0.52632025669985605        2.0000000000000000E-002
  0.74560585469459317       0.12639905366654386       0.34395127772624440        2.0000000000000000E-002
  0.42476243345412013       0.41533142024722980       0.13755222486327526        2.0000000000000000E-002
  0.22177202307636976       0.13233152897488559       0.26630898535597169        2.0000000000000000E-002
  0.43737326690164224       0.13403396048810007       0.70595445752463959        2.0000000000000000E-002
  0.33469472194063565       0.37138061692235291       0.25435735183325198        2.0000000000000000E-002
  0.52470327282686935       0.75605140170952634       0.37932394900960714        2.0000000000000000E-002
  0.65486980857711929       0.51364848259120177       0.34029928729163766        2.0000000000000000E-002
  0.75974767180638592       0.69369555937937111       0.63930204029662441        2.0000000000000000E-002
  0.65654068409121613       0.75226936445995907       0.25034160893021734        2.0000000000000000E-002
  0.38784745385034591       0.63224084998348395       0.35535003505965718        2.0000000000000000E-002
  0.29109712824251965       0.76112296815659819       0.77926463487587461        2.0000000000000000E-002
  0.38531936764869734       0.35333492557585555       0.18781847332169840        2.0000000000000000E-002
  0.70268819086240308       0.16693398111777716       0.30780647756455992        2.0000000000000000E-002
  0.77985090170204707       0.54908499674387912       0.68763201348086123        2.0000000000000000E-002
  0.12337144795077694       0.49096973551868373       0.68927543967370586        2.0000000000000000E-002
  0.48641178686973707       0.64239501695806034       0.32251231943212905        2.0000000000000000E-002
  0.40354572381567544       0.13683940832838362        9.4274412546853620E-002   2.0000000000000000E-002
  0.24776288022527182       0.50398469720439776       0.58172915958189231        2.0000000000000000E-002
  0.48029386607627444       0.72348818958721528       0.20063343598079783        2.0000000000000000E-002
   9.3793872123967600E-002  0.23580068429375700       0.55630763349508372        2.0000000000000000E-002
  0.67360612376389251       0.25966401526766342       0.73906665932411941        2.0000000000000000E-002
  0.56337613100903727       0.73699911202110935       0.42969213378763932        2.0000000000000000E-002
  0.17695262875754830       0.40457386438526477       0.55519209945182868        2.0000000000000000E-002
  0.68334407234884131       0.34470384602474280       0.26791713954319646        2.0000000000000000E-002
  0.18165516931823331       0.68795415059029164       0.71396005062623014        2.0000000000000000E-002
  0.18612233354154945       0.59538854017539100       0.52687418631052507        2.0000000000000000E-002
  0.19400337668285403       0.46355213167285270       0.29438533111809545        2.0000000000000000E-002
  0.57472426822832623       0.71314217624528542       0.26149254993056548        2.0000000000000000E-002
  0.39357289925829519       0.54542655709318177       0.50938853159818176        2.0000000000000000E-002
  0.24346943325768941       0.54874393485841388       0.50667235439546687        2.0000000000000000E-002
  0.68811044030235513       0.62312685818044944       0.64221100394408193        2.0000000000000000E-002
  0.11659079364632054       0.61376998348990652       0.51749584219628408        2.0000000000000000E-002
  0.69113759205219449       0.27753592295294643       0.59964686815471568        2.0000000000000000E-002
  0.21648594215187483       0.32142772285919108       0.76517697535574780        2.0000000000000000E-002
  0.67283169680018029       0.55673301384529383       0.28027178942969649        2.0000000000000000E-002
  0.62860504630943070       0.28752335409019131       0.16044547334455581        2.0000000000000000E-002
  0.23112972661413647       0.15503640770808189       0.12499679041798462        2.0000000000000000E-002
  0.21358943855294588       0.56468797200277709       0.55476603092244248        2.0000000000000000E-002
  0.26049223445374325       0.30269383334270900       0.55888241462551869        2.0000000000000000E-002
  0.43329314474926273       0.32071204080023302       0.52988575113444780        2.0000000000000000E-002
  0.62394364961915250       0.74052023020123880       0.56893200228457641        2.0000000000000000E-002
  0.60311733244138466       0.20648405327198860       0.11562536751756047        2.0000000000000000E-002
  0.31297089599650896        8.2099928267955161E-002  0.23672474754748349        2.0000000000000000E-002
  0.20454999498676507       0.53339242403150133       0.60814386513236929        2.0000000000000000E-002
  0.77927325028674221       0.43099440564434122       0.34844448305915415        2.0000000000000000E-002
  0.69113043296471044       0.45697536063116329       0.27639845466695151        2.0000000000000000E-002
  0.66865048146940032       0.39909710107651558       0.33425316101270014        2.0000000000000000E-002
  0.61772942442983381       0.77768967022648938       0.73292506702036453        2.0000000000000000E-002
  0.59723559678327509       0.75616847036691537       0.17826163152303701        2.0000000000000000E-002
  0.43096547924305362       0.58259070458539863       0.37996209577920487        2.0000000000000000E-002
  0.13261639138292031        8.5996685638685538E-002  0.69573203692475938        2.0000000000000000E-002
  0.52680432750123840       0.29457362081036698       0.29063749576719849        2.0000000000000000E-002
  0.34204781240379667       0.41888510564269577       0.34488985137731637        2.0000000000000000E-002
  0.10554159848345757       0.53780123416718595       0.51340095359592419        2.0000000000000000E-002
  0.34871909042683263       0.65724639804157348       0.13387542722581225        2.0000000000000000E-002
  0.10097073679305990       0.17433818382350547       0.74171692672650069        2.0000000000000000E-002
  0.52829522643559645       0.48984089028103650       0.49850536939824885        2.0000000000000000E-002
  0.43741492567065954       0.79028226337941576       0.56100513088800519        2.0000000000000000E-002
  0.11588864906174429       0.30269816730428484       0.71607491855769378        2.0000000000000000E-002
  0.79896480748527432       0.60963619196660013       0.59113922801405383        2.0000000000000000E-002
  0.30953090641373149       0.17974995726896964       0.51038900510558627        2.0000000000000000E-002
  0.17053465763779493       0.25940171124820655       0.37438601627307128        2.0000000000000000E-002
  0.73745293406978962       0.55192360673750884       0.60642892337909793        2.0000000000000000E-002
  0.53413166270136136       0.74484582207842076       0.32025838380885280        2.0000000000000000E-002
  0.45742666628340312       0.50107418685599148       0.54519139271275274        2.0000000000000000E-002
  0.32114430454416032       0.77480288044096191       0.71231541628709016        2.0000000000000000E-002
  0.75876418507236254       0.29104199620148186       0.32335142447188153        2.0000000000000000E-002
  0.75766978350877501       0.39115054283075856       0.70126618731530910        2.0000000000000000E-002
  0.39106600635897937       0.69464068377056021       0.14558977445873494        2.0000000000000000E-002
  0.12034941815411508       0.51981774634053934       0.25927407736526942        2.0000000000000000E-002
  0.53909499928531868       0.21092534787511472       0.50197828228535224        2.0000000000000000E-002
  0.29018186949851010       0.54157160531705162       0.57699628478632958        2.0000000000000000E-002
  0.34489591090175847       0.73556495426337720       0.41461034611703101        2.0000000000000000E-002
  0.36052583318289333       0.68391862999411779       0.24823294484313110        2.0000000000000000E-002
  0.47212742143451736       0.38887061528027911       0.21997149450649547        2.0000000000000000E-002
  0.43884429582162776       0.42657232932658928       0.57892972612671256        2.0000000000000000E-002
  0.69222677438376623       0.63915268207046982       0.51503882111618793        2.0000000000000000E-002
  0.35117874744540689       0.28072944659050503       0.18973967032394901        2.0000000000000000E-002
  0.37019668360084845       0.12027665676956310       0.37213534956505573        2.0000000000000000E-002
  0.51433160440805414       0.21356831987124919       0.17740851336082455        2.0000000000000000E-002
  0.33356417900434365       0.28918713425854548       0.51900931831088137        2.0000000000000000E-002
  0.59198930302406683       0.32922705718614659       0.53761279627735203        2.0000000000000000E-002
  0.29680988357212956       0.73008516213528307       0.10784552757958911        2.0000000000000000E-002
  0.75538602993263437       0.65107593521199636       0.27117976148589767        2.0000000000000000E-002
  0.57097329585108003       0.40882209734549946       0.66701500011225612        2.0000000000000000E-002
  0.43500428616902975       0.58288280533612413       0.32697560398469222        2.0000000000000000E-002
  0.65217638279265955       0.18677368161912639       0.73485321297503270        2.0000000000000000E-002
  0.20193368628418826       0.41182430405327997       0.44846314883707600        2.0000000000000000E-002
  0.75175063742468617       0.44600394262417198       0.40329565427556674        2.0000000000000000E-002
  0.45422119270583172       0.35131998400257425       0.54985810132317514        2.0000000000000000E-002
