  0.49736634886792991       0.52216711046207565       0.11983314547214036        2.0000000000000000E-002
  0.41713789588963057       0.72704092079229121       0.23660845750395626        2.0000000000000000E-002
  0.46718245557540716       0.24382503348703222       0.12606696487275351        2.0000000000000000E-002
  0.21062246202756185       0.24823088579762209       0.22239567826818685        2.0000000000000000E-002
  0.67909063521044488       0.64314096559395917        5.9135358536942025E-002   2.0000000000000000E-002
  0.26570735186761418       0.38811603539354889       0.24312530719572067        2.0000000000000000E-002
  0.26171781626072765       0.81618158747663627        2.7822431937792682E-002   2.0000000000000000E-002
  0.82998671090138620        5.3641884633114034E-002   3.1639510657622529E-002   2.0000000000000000E-002
  0.32461061523462964       0.46932236054445459        3.2350269281294357E-002   2.0000000000000000E-002
  0.63452581788237761       0.79315144851321273       0.20997518263897114        2.0000000000000000E-002
  0.74560585469459317       0.12639905366654386       0.22342663094522328        2.0000000000000000E-002
  0.47213889847004842       0.47344595680533941        3.5605145715083601E-002   2.0000000000000000E-002
  0.11131173726133542       0.13428114100469260        5.1309628653795479E-002   2.0000000000000000E-002
  0.35034469376998040        3.9872302899098135E-002   7.8376849429597426E-002   2.0000000000000000E-002
  0.33469472194063565       0.37138061692235291       0.16352513597457574        2.0000000000000000E-002
  0.32712212566129462       0.98135815186845143        3.9009483610554042E-002   2.0000000000000000E-002
  0.65486980857711929       0.51364848259120177       0.22228912825268238        2.0000000000000000E-002
  0.79640008386369776       0.77444205933135002       0.19256343970217463        2.0000000000000000E-002
  0.80740837033305246       0.82332965316616891        9.5068267616689656E-002   2.0000000000000000E-002
  0.38784745385034591       0.63224084998348395       0.22805134401396926        2.0000000000000000E-002
  0.20415644111352557       0.73131845378047600        9.5259527635798952E-002   2.0000000000000000E-002
  0.39385346802041765       0.45068226781813392       0.10213410795171170        2.0000000000000000E-002
  0.70268819086240308       0.16693398111777716       0.20426806382642532        2.0000000000000000E-002
  0.77985090170204707       0.54908499674387912       0.19195169742017335        2.0000000000000000E-002
  0.12337144795077694       0.49096973551868373       0.19169388853706573        2.0000000000000000E-002
  0.48641178686973707       0.64239501695806034       0.21284929338991732        2.0000000000000000E-002
  0.53825056034199825       0.20241287170693703        7.8920143829633776E-002   2.0000000000000000E-002
  0.21028063343600020       0.50337785114076505       0.22933911944707075        2.0000000000000000E-002
  0.48029386607627444       0.72348818958721528       0.10200227966533218        2.0000000000000000E-002
  0.40043805065068083        3.1116090918006552E-002  0.24166976090160294        2.0000000000000000E-002
  0.67360612376389251       0.25966401526766342       0.16606179274417016        2.0000000000000000E-002
  0.40095493331700316       0.97424188860545213       0.12338464745562598        2.0000000000000000E-002
   1.9034632320093493E-002  0.25729015977770059        3.8129864836348677E-002   2.0000000000000000E-002
  0.49257956597796271       0.53461280915480669        3.7139237816205255E-002   2.0000000000000000E-002
  0.46035467800876079       0.78761722221129060       0.46713646240529333        2.0000000000000000E-002
  0.18612233354154945       0.59538854017539100       0.24278389655466079        2.0000000000000000E-002
  0.18784805744114341       0.45343198362732490       0.19981488110173501        2.0000000000000000E-002
  0.67568239282204545       0.56012924473525261        6.1614325810666018E-002   2.0000000000000000E-002
  0.36202722869726184       0.54704967635438895       0.24338792189926470        2.0000000000000000E-002
  0.21190179254488481       0.89985684284883971        1.0935827999854984E-002   2.0000000000000000E-002
  0.71559130345402344       0.40875938431305825        1.7426467953544095E-002   2.0000000000000000E-002
  0.11659079364632054       0.61376998348990652       0.24490679243051428        2.0000000000000000E-002
  0.77504534891481680       0.16611260177797485       0.60873310438625872        2.0000000000000000E-002
  0.21648594215187483       0.32142772285919108       0.15210635284167770        2.0000000000000000E-002
  0.96485300081550229       0.56192933956945446       0.11648226540330026        2.0000000000000000E-002
  0.62860504630943070       0.28752335409019131        3.7731207193646296E-002   2.0000000000000000E-002
  0.26119602585331497       0.38475320139651953        2.3371799109856234E-002   2.0000000000000000E-002
  0.25131655636500727       0.69530340387760003       0.18943047072716879        2.0000000000000000E-002
  0.66263759394880029       0.47727850491138490        2.2997132541511183E-002   2.0000000000000000E-002
  0.57773456540438561       0.17746916032398385        2.1557864540868294E-002   2.0000000000000000E-002
  0.61934814464112831       0.57891558674179788       0.11721362959608805        2.0000000000000000E-002
  0.81070236015704544       0.19915678023333816        6.9847837204583457E-002   2.0000000000000000E-002
  0.82742846604939235       0.51092683566854236        8.3668020058880105E-002   2.0000000000000000E-002
  0.16682287717470368       0.40277699215663515       0.18911136564209974        2.0000000000000000E-002
  0.85294978391023946       0.63459049309638160        2.6163890391249403E-002   2.0000000000000000E-002
  0.55955069133710933       0.45999935256457541       0.22626279532288779        2.0000000000000000E-002
  0.28591125947398111       0.80138945068405132       0.36808799365920342        2.0000000000000000E-002
  0.66031734037780565       0.88016624895474127       0.14232849061427796        2.0000000000000000E-002
  0.48614204208637735       0.90999493960783073        6.1818955061547005E-002   2.0000000000000000E-002
  0.31274539612747670       0.58006847446790499       0.18179986483088237        2.0000000000000000E-002
  0.21703271101355165       0.14943136184405142       0.24682010901953355        2.0000000000000000E-002
  0.39154382551411615       0.20292127134726184       0.10831052563999564        2.0000000000000000E-002
  0.34204781240379667       0.41888510564269577       0.22447781818014259        2.0000000000000000E-002
  0.16678239311103535        3.4484891089047551E-002  0.46453929184527482        2.0000000000000000E-002
  0.28459936036107630       0.45386572940061098        2.2618621530641723E-002   2.0000000000000000E-002
   7.4078197669377760E-002  0.48719645960970254        3.5882874336207245E-002   2.0000000000000000E-002
  0.52829522643559645       0.48984089028103650       0.24639768347251348        2.0000000000000000E-002
  0.43741492567065954       0.79028226337941576       0.23725029340099391        2.0000000000000000E-002
  0.11588864906174429       0.30269816730428484       0.17816323844974688        2.0000000000000000E-002
  0.94888096759168805       0.47111330538143914        4.3320817745422249E-002   2.0000000000000000E-002
  0.32895061434602313        1.7313442383273068E-002  0.20483562281221193        2.0000000000000000E-002
  0.17053465763779493       0.25940171124820655       0.23471619994936571        2.0000000000000000E-002
  0.73745293406978962       0.55192360673750884       0.22439655396870894        2.0000000000000000E-002
  0.76668818612852263       0.56899163238511086        2.2985978144476674E-002   2.0000000000000000E-002
  0.45742666628340312       0.50107418685599148       0.23970461360723139        2.0000000000000000E-002
  0.43904859122088113       0.83105140038810910        8.0332056877678804E-002   2.0000000000000000E-002
  0.80712048470188946       0.34938276391181888       0.19110468293595970        2.0000000000000000E-002
  0.75766978350877501       0.39115054283075856       0.18539008458866466        2.0000000000000000E-002
  0.65323072645686764       0.66811530366725835        3.5044922582681728E-002   2.0000000000000000E-002
   5.3047359262275495E-002  0.54368528694772789       0.59783884225137529        2.0000000000000000E-002
  0.56817984257525167       0.19295840893715188       0.10740212691560866        2.0000000000000000E-002
  0.79361424958138815       0.22442111902605666        9.9301831991399095E-002   2.0000000000000000E-002
  0.34489591090175847       0.73556495426337720       0.24384396359862742        2.0000000000000000E-002
  0.15843599862420329       0.85580096125297500        2.1456787875215062E-002   2.0000000000000000E-002
  0.47212742143451736       0.38887061528027911       0.12710577303075193        2.0000000000000000E-002
  0.45185746001076776       0.60259562364126018       0.20449292866271779        2.0000000000000000E-002
  0.65003594264317588       0.93909874231347368        2.5893524788496797E-002   2.0000000000000000E-002
  0.17486280391155867       0.21719107238542293       0.10624409365413844        2.0000000000000000E-002
  0.28993467450644894        8.4983645793808460E-002  0.24254759989657135        2.0000000000000000E-002
  0.28219922626528371       0.23834357293604166        7.8746607143009933E-002   2.0000000000000000E-002
  0.40006517145750403       0.33447489893690646       0.19122385918418883        2.0000000000000000E-002
  0.66314108191166965       0.39618705493349898       0.19600412744603943        2.0000000000000000E-002
  0.29823094614830592       0.71809930176188941        4.5832004358024252E-002   2.0000000000000000E-002
  0.83716396881091215       0.54926812870259067       0.12752098357936426        2.0000000000000000E-002
  0.52000395660796639       0.21369314980060272        2.2885281589950957E-002   2.0000000000000000E-002
  0.55626505104546908       0.59165281120748681       0.12109132169115619        2.0000000000000000E-002
  0.65217638279265955       0.18677368161912639       0.16842258961423090        2.0000000000000000E-002
  0.44339339872518174       0.48190496718943798        7.3827279656535100E-002   2.0000000000000000E-002
  0.96018414854395917       0.36472731546109749       0.20598419019047931        2.0000000000000000E-002
  0.68387582424270088       0.45359464481046358        6.1491685471733976E-002   2.0000000000000000E-002
