  0.73211353762561926       0.45390469828850089       0.18616347250312390        2.0000000000000000E-002
  0.41713789588963057       0.72704092079229121       0.46518699209253095        2.0000000000000000E-002
  0.46718245557540716       0.24382503348703222       0.12101373478716093        2.0000000000000000E-002
  0.21062246202756185       0.24823088579762209       0.24377403590378915        2.0000000000000000E-002
  0.78830530610186733       0.62033715720140481       0.32389262215568210        2.0000000000000000E-002
  0.26570735186761418       0.38811603539354889       0.42803348514306355        2.0000000000000000E-002
   5.5336213547351860E-002  0.58221783172431485        5.9766382581398082E-002   2.0000000000000000E-002
  0.69707123854283493       0.31143286233499506        2.4752040183954615E-002   2.0000000000000000E-002
  0.36424484864411166       0.29582767758190448       0.39150023654935168        2.0000000000000000E-002
  0.73341892766083727       0.67689905167077624       0.42817120669985631        2.0000000000000000E-002
  0.74560585469459317       0.12639905366654386       0.24580222772624466        2.0000000000000000E-002
  0.42476243345412013       0.41533142024722980        3.9403174863275783E-002   2.0000000000000000E-002
  0.22177202307636976       0.13233152897488559       0.16815993535597221        2.0000000000000000E-002
  0.43737326690164224       0.13403396048810007       0.60780540752463985        2.0000000000000000E-002
  0.33469472194063565       0.37138061692235291       0.15620830183325249        2.0000000000000000E-002
  0.52470327282686935       0.75605140170952634       0.28117489900960740        2.0000000000000000E-002
  0.65486980857711929       0.51364848259120177       0.24215023729163795        2.0000000000000000E-002
  0.75974767180638592       0.69369555937937111       0.54115299029662467        2.0000000000000000E-002
  0.65654068409121613       0.75226936445995907       0.15219255893021785        2.0000000000000000E-002
  0.38784745385034591       0.63224084998348395       0.25720098505965744        2.0000000000000000E-002
  0.29109712824251965       0.76112296815659819       0.68111558487587487        2.0000000000000000E-002
  0.38531936764869734       0.35333492557585555        8.9669423321698929E-002   2.0000000000000000E-002
  0.70268819086240308       0.16693398111777716       0.20965742756456032        2.0000000000000000E-002
  0.77985090170204707       0.54908499674387912       0.58948296348086149        2.0000000000000000E-002
  0.12337144795077694       0.49096973551868373       0.59112638967370612        2.0000000000000000E-002
  0.48641178686973707       0.64239501695806034       0.22436326943212942        2.0000000000000000E-002
  0.40354572381567544       0.13683940832838362        2.6957309537060613E-002   2.0000000000000000E-002
  0.24776288022527182       0.50398469720439776       0.48358010958189257        2.0000000000000000E-002
  0.48029386607627444       0.72348818958721528       0.10248438598079834        2.0000000000000000E-002
   6.1344682398330540E-002  0.17961892385433487       0.45599609393209245        2.0000000000000000E-002
  0.67360612376389251       0.25966401526766342       0.64091760932411967        2.0000000000000000E-002
  0.56337613100903727       0.73699911202110935       0.33154308378763958        2.0000000000000000E-002
  0.17695262875754830       0.40457386438526477       0.45704304945182900        2.0000000000000000E-002
  0.68334407234884131       0.34470384602474280       0.16976808954319694        2.0000000000000000E-002
  0.25133004649086516       0.82540514512584007       0.79940415357099315        2.0000000000000000E-002
  0.18612233354154945       0.59538854017539100       0.42872513631052539        2.0000000000000000E-002
  0.19400337668285403       0.46355213167285270       0.19623628111809596        2.0000000000000000E-002
  0.57472426822832623       0.71314217624528542       0.16334349993056596        2.0000000000000000E-002
  0.39357289925829519       0.54542655709318177       0.41123948159818202        2.0000000000000000E-002
  0.26284911844192638       0.62916344448956429       0.54587879029254960        2.0000000000000000E-002
  0.68811044030235513       0.62312685818044944       0.54406195394408219        2.0000000000000000E-002
  0.11659079364632054       0.61376998348990652       0.41934679219628440        2.0000000000000000E-002
  0.71211453126785007       0.16413845309607678       0.74906842721259748        2.0000000000000000E-002
  0.21648594215187483       0.32142772285919108       0.66702792535574806        2.0000000000000000E-002
  0.67283169680018029       0.55673301384529383       0.18212273942969701        2.0000000000000000E-002
  0.62860504630943070       0.28752335409019131        6.2296423344556352E-002   2.0000000000000000E-002
  0.23112972661413647       0.15503640770808189        2.6847740417985100E-002   2.0000000000000000E-002
  0.21358943855294588       0.56468797200277709       0.45661698092244274        2.0000000000000000E-002
  0.40049771470408135       0.35887559378213113       0.46289585418851120        2.0000000000000000E-002
  0.43329314474926273       0.32071204080023302       0.43173670113444806        2.0000000000000000E-002
  0.62394364961915250       0.74052023020123880       0.47078295228457662        2.0000000000000000E-002
  0.60311733244138466       0.20648405327198860        1.7702777699731172E-002   2.0000000000000000E-002
  0.51098880269943869       0.15001341924361480       0.19308421565850883        2.0000000000000000E-002
  0.20454999498676507       0.53339242403150133       0.50999481513236955        2.0000000000000000E-002
  0.77927325028674221       0.43099440564434122       0.25029543305915442        2.0000000000000000E-002
  0.69113043296471044       0.45697536063116329       0.17824940466695205        2.0000000000000000E-002
  0.64767354225374474       0.51249457093340012        1.4181092368053091E-002   2.0000000000000000E-002
  0.61772942442983381       0.77768967022648938       0.63477601702036479        2.0000000000000000E-002
  0.59723559678327509       0.75616847036691537        8.0112581523037518E-002   2.0000000000000000E-002
  0.43096547924305362       0.58259070458539863       0.28181304577920513        2.0000000000000000E-002
  0.15372047129057814        2.7082877059987524E-002  0.56691625553625347        2.0000000000000000E-002
  0.52680432750123840       0.29457362081036698       0.19248844576719903        2.0000000000000000E-002
  0.34204781240379667       0.41888510564269577       0.24674080137731669        2.0000000000000000E-002
   3.5866721310825689E-002  0.40035023963159727       0.23165875065117855        2.0000000000000000E-002
  0.34871909042683263       0.65724639804157348        3.5726377225812761E-002   2.0000000000000000E-002
   7.9866656885402065E-002  0.23325199240220323       0.67423460811500890        2.0000000000000000E-002
  0.52829522643559645       0.48984089028103650       0.40035631939824912        2.0000000000000000E-002
  0.43741492567065954       0.79028226337941576       0.46285608088800545        2.0000000000000000E-002
  0.11588864906174429       0.30269816730428484       0.61792586855769405        2.0000000000000000E-002
  0.79896480748527432       0.60963619196660013       0.49299017801405415        2.0000000000000000E-002
  0.30953090641373149       0.17974995726896964       0.41223995510558659        2.0000000000000000E-002
  0.17053465763779493       0.25940171124820655       0.27623696627307154        2.0000000000000000E-002
  0.73745293406978962       0.55192360673750884       0.50827987337909819        2.0000000000000000E-002
  0.53413166270136136       0.74484582207842076       0.22210933380885317        2.0000000000000000E-002
  0.45742666628340312       0.50107418685599148       0.44704234271275300        2.0000000000000000E-002
  0.32114430454416032       0.77480288044096191       0.61416636628709043        2.0000000000000000E-002
  0.75876418507236254       0.29104199620148186       0.22520237447188191        2.0000000000000000E-002
  0.75766978350877501       0.39115054283075856       0.60311713731530936        2.0000000000000000E-002
  0.39106600635897937       0.69464068377056021        4.7440724458735442E-002   2.0000000000000000E-002
   4.4359526488690078E-002  0.50906926871721236        7.6862805605909440E-002   2.0000000000000000E-002
  0.53909499928531868       0.21092534787511472       0.40382923228535245        2.0000000000000000E-002
  0.38467767078100135       0.48790634670129407       0.57031400109685515        2.0000000000000000E-002
  0.34489591090175847       0.73556495426337720       0.31646129611703128        2.0000000000000000E-002
  0.36052583318289333       0.68391862999411779       0.15008389484313164        2.0000000000000000E-002
  0.47212742143451736       0.38887061528027911       0.12182244450649600        2.0000000000000000E-002
  0.43884429582162776       0.42657232932658928       0.48078067612671294        2.0000000000000000E-002
  0.69222677438376623       0.63915268207046982       0.41688977111618819        2.0000000000000000E-002
  0.35117874744540689       0.28072944659050503        9.1590620323949504E-002   2.0000000000000000E-002
  0.37019668360084845       0.12027665676956310       0.27398629956505599        2.0000000000000000E-002
  0.51433160440805414       0.21356831987124919        7.9259463360825066E-002   2.0000000000000000E-002
  0.33356417900434365       0.28918713425854548       0.42086026831088169        2.0000000000000000E-002
  0.59198930302406683       0.32922705718614659       0.43946374627735230        2.0000000000000000E-002
  0.29680988357212956       0.73008516213528307        1.6996416037406873E-002   2.0000000000000000E-002
  0.75538602993263437       0.65107593521199636       0.17303071148589819        2.0000000000000000E-002
  0.57097329585108003       0.40882209734549946       0.56886595011225638        2.0000000000000000E-002
  0.43500428616902975       0.58288280533612413       0.22882655398469254        2.0000000000000000E-002
  0.65217638279265955       0.18677368161912639       0.63670416297503296        2.0000000000000000E-002
  0.20193368628418826       0.41182430405327997       0.35031409883707626        2.0000000000000000E-002
  0.75175063742468617       0.44600394262417198       0.30514660427556700        2.0000000000000000E-002
  0.45422119270583172       0.35131998400257425       0.45170905132317540        2.0000000000000000E-002
