  0.73211353762561926       0.45390469828850089       0.22590868750312312        2.0000000000000000E-002
  0.41713789588963057       0.72704092079229121       0.50493220709253039        2.0000000000000000E-002
  0.46718245557540716       0.24382503348703222       0.16075894978716018        2.0000000000000000E-002
  0.21062246202756185       0.24823088579762209       0.28351925090378854        2.0000000000000000E-002
  0.78830530610186733       0.62033715720140481       0.36363783715568149        2.0000000000000000E-002
  0.26570735186761418       0.38811603539354889       0.46777870014306294        2.0000000000000000E-002
   3.5871170123149672E-002  0.51812344987955561        9.2044941980822553E-002   2.0000000000000000E-002
  0.69707123854283493       0.31143286233499506        3.9046237672000016E-002   2.0000000000000000E-002
  0.36424484864411166       0.29582767758190448       0.43124545154935107        2.0000000000000000E-002
  0.73341892766083727       0.67689905167077624       0.46791642169985570        2.0000000000000000E-002
  0.74560585469459317       0.12639905366654386       0.28554744272624405        2.0000000000000000E-002
  0.42476243345412013       0.41533142024722980        7.9148389863275007E-002   2.0000000000000000E-002
  0.22177202307636976       0.13233152897488559       0.20790515035597143        2.0000000000000000E-002
  0.43737326690164224       0.13403396048810007       0.64755062252463924        2.0000000000000000E-002
  0.33469472194063565       0.37138061692235291       0.19595351683325171        2.0000000000000000E-002
  0.52470327282686935       0.75605140170952634       0.32092011400960679        2.0000000000000000E-002
  0.65486980857711929       0.51364848259120177       0.28189545229163732        2.0000000000000000E-002
  0.75974767180638592       0.69369555937937111       0.58089820529662406        2.0000000000000000E-002
  0.65654068409121613       0.75226936445995907       0.19193777393021708        2.0000000000000000E-002
  0.38784745385034591       0.63224084998348395       0.29694620005965683        2.0000000000000000E-002
  0.29109712824251965       0.76112296815659819       0.72086079987587426        2.0000000000000000E-002
  0.38531936764869734       0.35333492557585555       0.12941463832169817        2.0000000000000000E-002
  0.70268819086240308       0.16693398111777716       0.24940264256455955        2.0000000000000000E-002
  0.77985090170204707       0.54908499674387912       0.62922817848086088        2.0000000000000000E-002
  0.12337144795077694       0.49096973551868373       0.63087160467370551        2.0000000000000000E-002
  0.48641178686973707       0.64239501695806034       0.26410848443212870        2.0000000000000000E-002
  0.40354572381567544       0.13683940832838362        3.5870577546853334E-002   2.0000000000000000E-002
  0.24776288022527182       0.50398469720439776       0.52332532458189196        2.0000000000000000E-002
  0.48029386607627444       0.72348818958721528       0.14222960098079759        2.0000000000000000E-002
   2.8128352141795526E-002  0.19647345198616151       0.49639005580098922        2.0000000000000000E-002
  0.67360612376389251       0.25966401526766342       0.68066282432411906        2.0000000000000000E-002
  0.56337613100903727       0.73699911202110935       0.37128829878763897        2.0000000000000000E-002
  0.17695262875754830       0.40457386438526477       0.49678826445182839        2.0000000000000000E-002
  0.68334407234884131       0.34470384602474280       0.20951330454319617        2.0000000000000000E-002
  0.23042758333907562       0.78416984676517554       0.78407142268756413        2.0000000000000000E-002
  0.18612233354154945       0.59538854017539100       0.46847035131052478        2.0000000000000000E-002
  0.19400337668285403       0.46355213167285270       0.23598149611809519        2.0000000000000000E-002
  0.57472426822832623       0.71314217624528542       0.20308871493056518        2.0000000000000000E-002
  0.39357289925829519       0.54542655709318177       0.45098469659818141        2.0000000000000000E-002
  0.26470538481923556       0.60064829013387377       0.55179844096507247        2.0000000000000000E-002
  0.68811044030235513       0.62312685818044944       0.58380716894408158        2.0000000000000000E-002
  0.11659079364632054       0.61376998348990652       0.45909200719628379        2.0000000000000000E-002
  0.70582144950315340       0.19815769405313566       0.71454245949523187        2.0000000000000000E-002
  0.21648594215187483       0.32142772285919108       0.70677314035574745        2.0000000000000000E-002
  0.67283169680018029       0.55673301384529383       0.22186795442969623        2.0000000000000000E-002
  0.62860504630943070       0.28752335409019131       0.10204163834455557        2.0000000000000000E-002
  0.23112972661413647       0.15503640770808189        6.6592955417984323E-002   2.0000000000000000E-002
  0.21358943855294588       0.56468797200277709       0.49636219592244213        2.0000000000000000E-002
  0.35849607062897992       0.34202106565030449       0.50199232231961288        2.0000000000000000E-002
  0.43329314474926273       0.32071204080023302       0.47148191613444745        2.0000000000000000E-002
  0.62394364961915250       0.74052023020123880       0.51052816728457606        2.0000000000000000E-002
  0.60311733244138466       0.20648405327198860        5.7221532517560188E-002   2.0000000000000000E-002
  0.45158343068855977        9.0374693414190063E-002  0.21647687522520132        2.0000000000000000E-002
  0.20454999498676507       0.53339242403150133       0.54974003013236894        2.0000000000000000E-002
  0.77927325028674221       0.43099440564434122       0.29004064805915380        2.0000000000000000E-002
  0.69113043296471044       0.45697536063116329       0.21799461966695127        2.0000000000000000E-002
  0.65396662401844141       0.47847532997633907       0.10254989967219584        2.0000000000000000E-002
  0.61772942442983381       0.77768967022648938       0.67452123202036418        2.0000000000000000E-002
  0.59723559678327509       0.75616847036691537       0.11985779652303674        2.0000000000000000E-002
  0.43096547924305362       0.58259070458539863       0.32155826077920452        2.0000000000000000E-002
  0.14738924731828079        4.4757019633597100E-002  0.61586148995280421        2.0000000000000000E-002
  0.52680432750123840       0.29457362081036698       0.23223366076719826        2.0000000000000000E-002
  0.34204781240379667       0.41888510564269577       0.28648601637731602        2.0000000000000000E-002
   5.6769184462615252E-002  0.44158553799227845       0.32648191153460121        2.0000000000000000E-002
  0.34871909042683263       0.65724639804157348        7.5471592225811970E-002   2.0000000000000000E-002
   8.6197880857699416E-002  0.21557784982859390       0.70477980369845650        2.0000000000000000E-002
  0.52829522643559645       0.48984089028103650       0.44010153439824851        2.0000000000000000E-002
  0.43741492567065954       0.79028226337941576       0.50260129588800484        2.0000000000000000E-002
  0.11588864906174429       0.30269816730428484       0.65767108355769344        2.0000000000000000E-002
  0.79896480748527432       0.60963619196660013       0.53273539301405348        2.0000000000000000E-002
  0.30953090641373149       0.17974995726896964       0.45198517010558598        2.0000000000000000E-002
  0.17053465763779493       0.25940171124820655       0.31598218127307093        2.0000000000000000E-002
  0.73745293406978962       0.55192360673750884       0.54802508837909758        2.0000000000000000E-002
  0.53413166270136136       0.74484582207842076       0.26185454880885245        2.0000000000000000E-002
  0.45742666628340312       0.50107418685599148       0.48678755771275239        2.0000000000000000E-002
  0.32114430454416032       0.77480288044096191       0.65391158128708982        2.0000000000000000E-002
  0.75876418507236254       0.29104199620148186       0.26494758947188118        2.0000000000000000E-002
  0.75766978350877501       0.39115054283075856       0.64286235231530875        2.0000000000000000E-002
  0.39106600635897937       0.69464068377056021        8.7185939458734665E-002   2.0000000000000000E-002
   5.1206560663725205E-002  0.50560766689416081        3.1657555586623948E-002   2.0000000000000000E-002
  0.53909499928531868       0.21092534787511472       0.44357444728535184        2.0000000000000000E-002
  0.34865875846366978       0.50839522575236673       0.57523810476204973        2.0000000000000000E-002
  0.34489591090175847       0.73556495426337720       0.35620651111703067        2.0000000000000000E-002
  0.36052583318289333       0.68391862999411779       0.18982910984313087        2.0000000000000000E-002
  0.47212742143451736       0.38887061528027911       0.16156765950649524        2.0000000000000000E-002
  0.43884429582162776       0.42657232932658928       0.52052589112671221        2.0000000000000000E-002
  0.69222677438376623       0.63915268207046982       0.45663498611618758        2.0000000000000000E-002
  0.35117874744540689       0.28072944659050503       0.13133583532394874        2.0000000000000000E-002
  0.37019668360084845       0.12027665676956310       0.31373151456505538        2.0000000000000000E-002
  0.51433160440805414       0.21356831987124919       0.11900467836082429        2.0000000000000000E-002
  0.33356417900434365       0.28918713425854548       0.46060548331088108        2.0000000000000000E-002
  0.59198930302406683       0.32922705718614659       0.47920896127735169        2.0000000000000000E-002
  0.29680988357212956       0.73008516213528307        4.9441692579588817E-002   2.0000000000000000E-002
  0.75538602993263437       0.65107593521199636       0.21277592648589741        2.0000000000000000E-002
  0.57097329585108003       0.40882209734549946       0.60861116511225577        2.0000000000000000E-002
  0.43500428616902975       0.58288280533612413       0.26857176898469187        2.0000000000000000E-002
  0.65217638279265955       0.18677368161912639       0.67644937797503235        2.0000000000000000E-002
  0.20193368628418826       0.41182430405327997       0.39005931383707565        2.0000000000000000E-002
  0.75175063742468617       0.44600394262417198       0.34489181927556639        2.0000000000000000E-002
  0.45422119270583172       0.35131998400257425       0.49145426632317479        2.0000000000000000E-002
