  0.73211353762561926       0.45390469828850089       0.25682490250312323        2.0000000000000000E-002
  0.41713789588963057       0.72704092079229121       0.53584842209253059        2.0000000000000000E-002
  0.46718245557540716       0.24382503348703222       0.19167516478716023        2.0000000000000000E-002
  0.21062246202756185       0.24823088579762209       0.31443546590378874        2.0000000000000000E-002
  0.78830530610186733       0.62033715720140481       0.39455405215568168        2.0000000000000000E-002
  0.26570735186761418       0.38811603539354889       0.49869491514306313        2.0000000000000000E-002
   2.6124023487025534E-002  0.44705908717152282       0.13027660218080009        2.0000000000000000E-002
  0.69707123854283493       0.31143286233499506        6.9962452672000075E-002   2.0000000000000000E-002
  0.36424484864411166       0.29582767758190448       0.46216166654935126        2.0000000000000000E-002
  0.73341892766083727       0.67689905167077624       0.49883263669985589        2.0000000000000000E-002
  0.74560585469459317       0.12639905366654386       0.31646365772624424        2.0000000000000000E-002
  0.42476243345412013       0.41533142024722980       0.11006460486327507        2.0000000000000000E-002
  0.22177202307636976       0.13233152897488559       0.23882136535597148        2.0000000000000000E-002
  0.43737326690164224       0.13403396048810007       0.67846683752463943        2.0000000000000000E-002
  0.33469472194063565       0.37138061692235291       0.22686973183325176        2.0000000000000000E-002
  0.52470327282686935       0.75605140170952634       0.35183632900960699        2.0000000000000000E-002
  0.65486980857711929       0.51364848259120177       0.31281166729163751        2.0000000000000000E-002
  0.75974767180638592       0.69369555937937111       0.61181442029662425        2.0000000000000000E-002
  0.65654068409121613       0.75226936445995907       0.22285398893021713        2.0000000000000000E-002
  0.38784745385034591       0.63224084998348395       0.32786241505965702        2.0000000000000000E-002
  0.29109712824251965       0.76112296815659819       0.75177701487587445        2.0000000000000000E-002
  0.38531936764869734       0.35333492557585555       0.16033085332169822        2.0000000000000000E-002
  0.70268819086240308       0.16693398111777716       0.28031885756455976        2.0000000000000000E-002
  0.77985090170204707       0.54908499674387912       0.66014439348086107        2.0000000000000000E-002
  0.12337144795077694       0.49096973551868373       0.66178781967370570        2.0000000000000000E-002
  0.48641178686973707       0.64239501695806034       0.29502469943212889        2.0000000000000000E-002
  0.40354572381567544       0.13683940832838362        6.6786792546853394E-002   2.0000000000000000E-002
  0.24776288022527182       0.50398469720439776       0.55424153958189215        2.0000000000000000E-002
  0.48029386607627444       0.72348818958721528       0.17314581598079765        2.0000000000000000E-002
   3.7791680023837912E-002  0.21332798011798815       0.52795501766988695        2.0000000000000000E-002
  0.67360612376389251       0.25966401526766342       0.71157903932411926        2.0000000000000000E-002
  0.56337613100903727       0.73699911202110935       0.40220451378763916        2.0000000000000000E-002
  0.17695262875754830       0.40457386438526477       0.52770447945182852        2.0000000000000000E-002
  0.68334407234884131       0.34470384602474280       0.24042951954319622        2.0000000000000000E-002
  0.20952512018728606       0.74293454840451101       0.75990969180413492        2.0000000000000000E-002
  0.18612233354154945       0.59538854017539100       0.49938656631052497        2.0000000000000000E-002
  0.19400337668285403       0.46355213167285270       0.26689771111809529        2.0000000000000000E-002
  0.57472426822832623       0.71314217624528542       0.23400492993056524        2.0000000000000000E-002
  0.39357289925829519       0.54542655709318177       0.48190091159818160        2.0000000000000000E-002
  0.26656165119654474       0.57213313577818325       0.54888909163759525        2.0000000000000000E-002
  0.68811044030235513       0.62312685818044944       0.61472338394408177        2.0000000000000000E-002
  0.11659079364632054       0.61376998348990652       0.49000822219628398        2.0000000000000000E-002
  0.69952836773845672       0.23217693501019454       0.67118749177786718        2.0000000000000000E-002
  0.21648594215187483       0.32142772285919108       0.73768935535574764        2.0000000000000000E-002
  0.67283169680018029       0.55673301384529383       0.25278416942969634        2.0000000000000000E-002
  0.62860504630943070       0.28752335409019131       0.13295785334455562        2.0000000000000000E-002
  0.23112972661413647       0.15503640770808189        9.7509170417984389E-002   2.0000000000000000E-002
  0.21358943855294588       0.56468797200277709       0.52727841092244232        2.0000000000000000E-002
  0.31649442655387849       0.32516653751847785       0.53225979045071536        2.0000000000000000E-002
  0.43329314474926273       0.32071204080023302       0.50239813113444765        2.0000000000000000E-002
  0.62394364961915250       0.74052023020123880       0.54144438228457625        2.0000000000000000E-002
  0.60311733244138466       0.20648405327198860        8.8137747517560247E-002   2.0000000000000000E-002
  0.39217805867768085        3.0735967584764694E-002  0.23104053479189371        2.0000000000000000E-002
  0.20454999498676507       0.53339242403150133       0.58065624513236913        2.0000000000000000E-002
  0.77927325028674221       0.43099440564434122       0.32095686305915400        2.0000000000000000E-002
  0.69113043296471044       0.45697536063116329       0.24891083466695132        2.0000000000000000E-002
  0.66025970578313808       0.44445608901927186       0.20773729738955432        2.0000000000000000E-002
  0.61772942442983381       0.77768967022648938       0.70543744702036437        2.0000000000000000E-002
  0.59723559678327509       0.75616847036691537       0.15077401152303682        2.0000000000000000E-002
  0.43096547924305362       0.58259070458539863       0.35247447577920471        2.0000000000000000E-002
  0.14105802334598344        6.2431162207206431E-002  0.65597772436935586        2.0000000000000000E-002
  0.52680432750123840       0.29457362081036698       0.26314987576719834        2.0000000000000000E-002
  0.34204781240379667       0.41888510564269577       0.31740223137731621        2.0000000000000000E-002
   7.7671647614404815E-002  0.48282083635295964       0.41247607241802481        2.0000000000000000E-002
  0.34871909042683263       0.65724639804157348       0.10638780722581204        2.0000000000000000E-002
   9.2529104829996767E-002  0.19790370725498457       0.72649599928190411        2.0000000000000000E-002
  0.52829522643559645       0.48984089028103650       0.47101774939824870        2.0000000000000000E-002
  0.43741492567065954       0.79028226337941576       0.53351751088800503        2.0000000000000000E-002
  0.11588864906174429       0.30269816730428484       0.68858729855769363        2.0000000000000000E-002
  0.79896480748527432       0.60963619196660013       0.56365160801405367        2.0000000000000000E-002
  0.30953090641373149       0.17974995726896964       0.48290138510558617        2.0000000000000000E-002
  0.17053465763779493       0.25940171124820655       0.34689839627307112        2.0000000000000000E-002
  0.73745293406978962       0.55192360673750884       0.57894130337909777        2.0000000000000000E-002
  0.53413166270136136       0.74484582207842076       0.29277076380885264        2.0000000000000000E-002
  0.45742666628340312       0.50107418685599148       0.51770377271275259        2.0000000000000000E-002
  0.32114430454416032       0.77480288044096191       0.68482779628709001        2.0000000000000000E-002
  0.75876418507236254       0.29104199620148186       0.29586380447188138        2.0000000000000000E-002
  0.75766978350877501       0.39115054283075856       0.67377856731530894        2.0000000000000000E-002
  0.39106600635897937       0.69464068377056021       0.11810215445873473        2.0000000000000000E-002
   7.4799223567435222E-002  0.50911604593438220       0.14025755648223087        2.0000000000000000E-002
  0.53909499928531868       0.21092534787511472       0.47449066228535203        2.0000000000000000E-002
  0.31263984614633822       0.52888410480343939       0.57133320842724433        2.0000000000000000E-002
  0.34489591090175847       0.73556495426337720       0.38712272611703086        2.0000000000000000E-002
  0.36052583318289333       0.68391862999411779       0.22074532484313092        2.0000000000000000E-002
  0.47212742143451736       0.38887061528027911       0.19248387450649529        2.0000000000000000E-002
  0.43884429582162776       0.42657232932658928       0.55144210612671241        2.0000000000000000E-002
  0.69222677438376623       0.63915268207046982       0.48755120111618777        2.0000000000000000E-002
  0.35117874744540689       0.28072944659050503       0.16225205032394879        2.0000000000000000E-002
  0.37019668360084845       0.12027665676956310       0.34464772956505557        2.0000000000000000E-002
  0.51433160440805414       0.21356831987124919       0.14992089336082437        2.0000000000000000E-002
  0.33356417900434365       0.28918713425854548       0.49152169831088127        2.0000000000000000E-002
  0.59198930302406683       0.32922705718614659       0.51012517627735188        2.0000000000000000E-002
  0.29680988357212956       0.73008516213528307        8.0357907579588883E-002   2.0000000000000000E-002
  0.75538602993263437       0.65107593521199636       0.24369214148589746        2.0000000000000000E-002
  0.57097329585108003       0.40882209734549946       0.63952738011225596        2.0000000000000000E-002
  0.43500428616902975       0.58288280533612413       0.29948798398469206        2.0000000000000000E-002
  0.65217638279265955       0.18677368161912639       0.70736559297503254        2.0000000000000000E-002
  0.20193368628418826       0.41182430405327997       0.42097552883707584        2.0000000000000000E-002
  0.75175063742468617       0.44600394262417198       0.37580803427556658        2.0000000000000000E-002
  0.45422119270583172       0.35131998400257425       0.52237048132317498        2.0000000000000000E-002
