  0.66024125954188051       0.50256684854176104        3.3323320778755397E-002   2.0000000000000000E-002
  0.41713789588963057       0.72704092079229121        1.1392603217612976E-002   2.0000000000000000E-002
  0.46718245557540716       0.24382503348703222       0.14187505156000452        2.0000000000000000E-002
  0.21062246202756185       0.24823088579762209       0.13522446362559945        2.0000000000000000E-002
  0.76555324455067697       0.64251300006940526        4.5239143384410006E-002   2.0000000000000000E-002
  0.26570735186761418       0.38811603539354889        3.2182853109697623E-002   2.0000000000000000E-002
  0.17861482190063238       0.98573252239737463        8.6968209501854132E-002   2.0000000000000000E-002
  0.77143558036161164       0.18314724591752951        3.2948722855842119E-002   2.0000000000000000E-002
  0.41820474242929268       0.33815948440521926        4.8364301705365070E-002   2.0000000000000000E-002
  0.70450381209785307       0.71088980690845993        2.2121396319346009E-002   2.0000000000000000E-002
  0.74560585469459317       0.12639905366654386       0.13464059319237714        2.0000000000000000E-002
  0.42476243345412013       0.41533142024722980        9.1954601967302055E-002   2.0000000000000000E-002
  0.16011179046395435        4.0941649584134959E-002   7.2357207042799618E-002   2.0000000000000000E-002
  0.43737326690164224       0.13403396048810007       0.15105671252466507        2.0000000000000000E-002
  0.33469472194063565       0.37138061692235291       0.14741100272784488        2.0000000000000000E-002
  0.44438412209393841       0.85151018644596155        3.9708426792979742E-002   2.0000000000000000E-002
  0.65486980857711929       0.51364848259120177       0.13596536109385174        2.0000000000000000E-002
  0.75974767180638592       0.69369555937937111        8.4404295296650195E-002   2.0000000000000000E-002
  0.69367076294257857       0.76970969095917230       0.13125771068816655        2.0000000000000000E-002
  0.38784745385034591       0.63224084998348395       0.13078532940671256        2.0000000000000000E-002
  0.30346418832085120       0.76664849802335877       0.22356358460570244        2.0000000000000000E-002
  0.38778488141376755       0.38127910696399714       0.13527303660640833        2.0000000000000000E-002
  0.70268819086240308       0.16693398111777716       0.14365668498907494        2.0000000000000000E-002
  0.77985090170204707       0.54908499674387912       0.13273426848088679        2.0000000000000000E-002
  0.12337144795077694       0.49096973551868373       0.13437769467373142        2.0000000000000000E-002
  0.48641178686973707       0.64239501695806034       0.14057799292790529        2.0000000000000000E-002
  0.43845302319659002       0.15417606700014710        2.0151244690213954E-002   2.0000000000000000E-002
  0.24700931587671501       0.50379170542731477        2.6855275067804784E-002   2.0000000000000000E-002
  0.48029386607627444       0.72348818958721528       0.13571472637880333        2.0000000000000000E-002
  0.27171477402304528        7.2873579019432810E-002   1.3780667533624206E-002   2.0000000000000000E-002
  0.67360612376389251       0.25966401526766342       0.18416891432414495        2.0000000000000000E-002
  0.49888764431545274       0.83037263994873822        4.5422905299250041E-002   2.0000000000000000E-002
  0.14123160630306508       0.39420628415332926        2.6555359133065590E-002   2.0000000000000000E-002
  0.59254939621890967       0.44311855384364252        8.3066414393827517E-002   2.0000000000000000E-002
  0.38371231311886572       0.90678903446402914       0.69148244916604318        2.0000000000000000E-002
  0.18612233354154945       0.59538854017539100        3.1648095299261755E-002   2.0000000000000000E-002
  0.19400337668285403       0.46355213167285270       0.14656941360179096        2.0000000000000000E-002
  0.62619335901350182       0.61239787488575292        6.2135980580277958E-002   2.0000000000000000E-002
  0.39270784171183643       0.54364928834894799        4.4716278165926382E-002   2.0000000000000000E-002
  0.23872570464061235       0.80423389220884445       0.30416197463677530        2.0000000000000000E-002
  0.68811044030235513       0.62312685818044944        8.7313258944107575E-002   2.0000000000000000E-002
  0.11659079364632054       0.61376998348990652        3.8739090853899413E-002   2.0000000000000000E-002
  0.75197071577759567        6.7472743187122722E-002  0.76270388942258016        2.0000000000000000E-002
  0.21648594215187483       0.32142772285919108       0.21027923035577317        2.0000000000000000E-002
  0.85488264723766771       0.57921835378540321       0.11024530524081742        2.0000000000000000E-002
  0.62860504630943070       0.28752335409019131       0.11315555745718203        2.0000000000000000E-002
  0.29278995922655188       0.30464449247750636        4.5160129568055568E-002   2.0000000000000000E-002
  0.21358943855294588       0.56468797200277709        1.1495652610913593E-002   2.0000000000000000E-002
  0.56174401738575885       0.41951779998227440        1.9671797694988665E-002   2.0000000000000000E-002
  0.43573389630031273       0.31845748102957794        2.5119272741317880E-002   2.0000000000000000E-002
  0.62394923097491772       0.68785864260252871        6.6868158209751269E-002   2.0000000000000000E-002
  0.65538368113933243       0.20463324312077080        4.8707422116199953E-002   2.0000000000000000E-002
  0.78120912941254883       0.44658428993988514        6.6193582571677345E-002   2.0000000000000000E-002
  0.20454999498676507       0.53339242403150133        5.3246120132395075E-002   2.0000000000000000E-002
  0.91758855326124178       0.50489821488202657        2.8518679293941973E-002   2.0000000000000000E-002
  0.63910608509264644       0.45818288570010718       0.16473266970073017        2.0000000000000000E-002
  0.43266020686553175       0.69786332587698841       0.34653183840126861        2.0000000000000000E-002
  0.61772942442983381       0.77768967022648938       0.17802732202039004        2.0000000000000000E-002
  0.57311933248455849       0.79876050489839112        8.6846829660581978E-002   2.0000000000000000E-002
  0.38301785866545029       0.58083766841871642       0.14109979013586368        2.0000000000000000E-002
  0.19381822311512803        9.8222433098254666E-002   5.1900770898119689E-002   2.0000000000000000E-002
  0.47857140860345992       0.22704873184620530        2.4828367437412815E-002   2.0000000000000000E-002
  0.34204781240379667       0.41888510564269577       0.13458702351671167        2.0000000000000000E-002
  0.10637283405878820       0.13919335001394978       0.31834534597007086        2.0000000000000000E-002
  0.28489798384394716       0.51134266807074802        3.4251040074905204E-002   2.0000000000000000E-002
   3.9768905060852178E-002  0.34518822870172899       0.27575270275319469        2.0000000000000000E-002
  0.52829522643559645       0.48984089028103650        5.2476022999119298E-002   2.0000000000000000E-002
  0.43741492567065954       0.79028226337941576        1.0800937699504529E-002   2.0000000000000000E-002
  0.11588864906174429       0.30269816730428484       0.16117717355771943        2.0000000000000000E-002
  0.81782319763054767       0.59252897085849632        9.4063541653900379E-002   2.0000000000000000E-002
  0.31170907791715990       0.16277509007620997        4.1857060698027540E-002   2.0000000000000000E-002
  0.17053465763779493       0.25940171124820655       0.12348791926825647        2.0000000000000000E-002
  0.73745293406978962       0.55192360673750884        5.1531178379123771E-002   2.0000000000000000E-002
  0.61445081343426333       0.64938703734198555        4.7490226279982742E-002   2.0000000000000000E-002
  0.45742666628340312       0.50107418685599148        1.7462093786361026E-002   2.0000000000000000E-002
  0.32114430454416032       0.77480288044096191       0.15741767128711570        2.0000000000000000E-002
  0.77719037819483050       0.31325785390729866       0.13193237093802290        2.0000000000000000E-002
  0.75766978350877501       0.39115054283075856       0.14636844231533455        2.0000000000000000E-002
  0.56122095601551092       0.73707612165896685        2.9478328066144768E-002   2.0000000000000000E-002
   3.3217379977417749E-002  0.53099274692987219       0.50932879548136245        2.0000000000000000E-002
  0.56822432632369002       0.20408888018564905        3.7767017065685499E-002   2.0000000000000000E-002
  0.61279744879071574       0.35814344604450055       0.33409901121729624        2.0000000000000000E-002
  0.34489591090175847       0.73556495426337720       0.10451176628926893        2.0000000000000000E-002
  0.25494555445777639       0.78757991385377024        5.2556988367607964E-002   2.0000000000000000E-002
  0.47212742143451736       0.38887061528027911       0.14212153641601333        2.0000000000000000E-002
  0.42995829310603356       0.53221736223147742        5.6259790500689057E-002   2.0000000000000000E-002
  0.69222677438376623       0.63915268207046982        4.0537996762408213E-002   2.0000000000000000E-002
  0.29235947669363344       0.21393188749540307        2.1272310120918427E-002   2.0000000000000000E-002
  0.33528938421993387       0.10293999809779969       0.11869922518366008        2.0000000000000000E-002
  0.43293592867173469       0.22225559771194223        4.9773703849632207E-002   2.0000000000000000E-002
  0.33133911915136238       0.30493813210560489        2.6508855723929182E-002   2.0000000000000000E-002
  0.61779666764396746       0.33495451015031569        2.8217905512431633E-002   2.0000000000000000E-002
  0.29680988357212956       0.73008516213528307        5.3807096488979619E-002   2.0000000000000000E-002
  0.78130101734253488       0.61961765605873009       0.13253312037802481        2.0000000000000000E-002
  0.57097329585108003       0.40882209734549946       0.11211725511228164        2.0000000000000000E-002
  0.48381696429309190       0.58641311024704024        9.1541559459221156E-002   2.0000000000000000E-002
  0.65217638279265955       0.18677368161912639       0.17995546797505829        2.0000000000000000E-002
  0.23765470873867148       0.42219188428521548        5.9336606555840200E-002   2.0000000000000000E-002
  0.84134979761711504       0.41102656851380925       0.14580096206683024        2.0000000000000000E-002
  0.59029685949330835       0.35357552573244189        8.4079140577873593E-002   2.0000000000000000E-002
