  0.47975687013266560       0.52368508488139398       0.12737641417949597        2.0000000000000000E-002
  0.41713789588963057       0.72704092079229121       0.25197842960920391        2.0000000000000000E-002
  0.46718245557540716       0.24382503348703222       0.11874386608300336        2.0000000000000000E-002
  0.21062246202756185       0.24823088579762209       0.22443433414478570        2.0000000000000000E-002
  0.67593391619172205       0.63759652185458426        6.2338047036457241E-002   2.0000000000000000E-002
  0.26570735186761418       0.38811603539354889       0.25641589393081432        2.0000000000000000E-002
  0.27142844769516739       0.80235434349275914        3.5567227395475111E-002   2.0000000000000000E-002
  0.83530954095045662        4.1868669970894445E-002   2.5634491366875251E-002   2.0000000000000000E-002
  0.31638097518456071       0.48020729836278908        3.8224093619436184E-002   2.0000000000000000E-002
  0.62816418204460711       0.80062977956819026       0.22116679957711949        2.0000000000000000E-002
  0.74560585469459317       0.12639905366654386       0.22561208892275472        2.0000000000000000E-002
  0.47814681346628507       0.48079952420340011        2.6236633798118112E-002   2.0000000000000000E-002
  0.10687536878837006       0.14276654931565239        4.3510212436613238E-002   2.0000000000000000E-002
  0.33964421529578998        5.5250610388089268E-002   8.6569596475966556E-002   2.0000000000000000E-002
  0.33469472194063565       0.37138061692235291       0.15910405717882395        2.0000000000000000E-002
  0.31646194416741791       0.97135418266116258        3.7891938105611020E-002   2.0000000000000000E-002
  0.65486980857711929       0.51364848259120177       0.22425074344893972        2.0000000000000000E-002
  0.80025116054743406       0.78290704845907111       0.20947585138981537        2.0000000000000000E-002
  0.81774815282309554       0.82820419518498678        8.5892318246555341E-002   2.0000000000000000E-002
  0.38784745385034591       0.63224084998348395       0.23100770897826536        2.0000000000000000E-002
  0.18584962059862106       0.72513684882313112       0.10085144382334819        2.0000000000000000E-002
  0.39440515771193130       0.45699164607760090        9.3235478074011946E-002   2.0000000000000000E-002
  0.70268819086240308       0.16693398111777716       0.20389218917527530        2.0000000000000000E-002
  0.77985090170204707       0.54908499674387912       0.21352943292122320        2.0000000000000000E-002
  0.12337144795077694       0.49096973551868373       0.21342498874029500        2.0000000000000000E-002
  0.48641178686973707       0.64239501695806034       0.21353341161373657        2.0000000000000000E-002
  0.54336775171696861       0.20920630581762825        7.9989015613929404E-002   2.0000000000000000E-002
  0.20895925021417236       0.50666225971619749       0.24465864953799504        2.0000000000000000E-002
  0.48029386607627444       0.72348818958721528        9.3051511782289292E-002   2.0000000000000000E-002
  0.41299905871175469        3.7857846217569414E-002  0.25656711790586045        2.0000000000000000E-002
  0.67360612376389251       0.25966401526766342       0.19002601944526831        2.0000000000000000E-002
  0.39205195958987138       0.98354123897378709       0.12458607856075106        2.0000000000000000E-002
   2.2178203191494366E-002  0.23803589764976268        5.0871668722551701E-002   2.0000000000000000E-002
  0.48349139959241694       0.54293046872854889        2.7078039945512292E-002   2.0000000000000000E-002
  0.46732216572602397       0.77678342109740528       0.44085537269977121        2.0000000000000000E-002
  0.18612233354154945       0.59538854017539100       0.25609206030515225        2.0000000000000000E-002
  0.18527087624684691       0.44918993478719421       0.19955811904946455        2.0000000000000000E-002
  0.68009983206715341       0.56426065097078282        6.6763389238571461E-002   2.0000000000000000E-002
  0.35920087989652888       0.54736886374817140       0.25556148557365893        2.0000000000000000E-002
  0.20946325508163685       0.90854983836156655        3.2935214565178388E-002   2.0000000000000000E-002
  0.72004744192847470       0.38879492099405832        2.2584381178335625E-002   2.0000000000000000E-002
  0.11659079364632054       0.61376998348990652       0.25776331075566172        2.0000000000000000E-002
  0.77714304283638236       0.17507986164986969       0.58884976029204827        2.0000000000000000E-002
  0.21648594215187483       0.32142772285919108       0.17737355129705315        2.0000000000000000E-002
  0.95346881127448291       0.56035761100436821       0.11116326178170775        2.0000000000000000E-002
  0.62860504630943070       0.28752335409019131        2.4988448078779639E-002   2.0000000000000000E-002
  0.25607196785789460       0.37901546677290193        2.7727031504184756E-002   2.0000000000000000E-002
  0.25492342685641445       0.70779078627713976       0.19966668633133738        2.0000000000000000E-002
  0.66605744581694748       0.47583922638029474        2.6520498235483879E-002   2.0000000000000000E-002
  0.59064991302113434       0.16464482336250830        2.4703326410396870E-002   2.0000000000000000E-002
  0.61894519932099568       0.56924968590853120       0.12567722819817473        2.0000000000000000E-002
  0.83185616195996370       0.18935567376537540        6.1695455480627159E-002   2.0000000000000000E-002
  0.83163022392546904       0.51677615800751120        7.9370605284989404E-002   2.0000000000000000E-002
  0.16321600668329650       0.39028960975708987       0.20315831635447251        2.0000000000000000E-002
  0.83531577424608139       0.64638070020677751        2.5834451023801379E-002   2.0000000000000000E-002
  0.55231838281387868       0.46016448591589071       0.22597044310672026        2.0000000000000000E-002
  0.27257044607474923       0.81080091657560249       0.36416164413719743        2.0000000000000000E-002
  0.66608314569866212       0.89406370743703389       0.16185722582855469        2.0000000000000000E-002
  0.47823501568653803       0.92010716094505252        6.8516785171561886E-002   2.0000000000000000E-002
  0.30635699044220638       0.57999854774510395       0.17961387162133857        2.0000000000000000E-002
  0.21914311900431743       0.15408671900276022       0.26668442529254993        2.0000000000000000E-002
  0.38425360738830006       0.20412434540613439       0.11235992704422679        2.0000000000000000E-002
  0.34204781240379667       0.41888510564269577       0.22676370860409084        2.0000000000000000E-002
  0.17227417120669461        4.5349512047898569E-002  0.47194365056120280        2.0000000000000000E-002
  0.28454191078527447       0.46066461845672640        2.5767499717087271E-002   2.0000000000000000E-002
   8.7212791781306226E-002  0.50691364051331012        2.1445429652232985E-002   2.0000000000000000E-002
  0.52829522643559645       0.48984089028103650       0.25814092533373179        2.0000000000000000E-002
  0.43741492567065954       0.79028226337941576       0.25250522076506787        2.0000000000000000E-002
  0.11588864906174429       0.30269816730428484       0.20108175218567984        2.0000000000000000E-002
  0.96079531031542809       0.46007551761079335        3.2821842844651519E-002   2.0000000000000000E-002
  0.32995082787348096        2.2636313544564076E-002  0.21197357774624104        2.0000000000000000E-002
  0.17053465763779493       0.25940171124820655       0.23894186182946667        2.0000000000000000E-002
  0.73745293406978962       0.55192360673750884       0.24200471707599819        2.0000000000000000E-002
  0.78583213830167331       0.56904837393662377        2.5526965562115631E-002   2.0000000000000000E-002
  0.45742666628340312       0.50107418685599148       0.25402293403029619        2.0000000000000000E-002
  0.45887872142264563       0.84051202929794999        9.0073978404283897E-002   2.0000000000000000E-002
  0.80984140347525846       0.35266684663950254       0.19059798402668118        2.0000000000000000E-002
  0.75766978350877501       0.39115054283075856       0.20759803571622107        2.0000000000000000E-002
  0.65714739955890156       0.65996987275848418        3.4267266508002499E-002   2.0000000000000000E-002
   5.4850084651808018E-002  0.54483915422207840       0.59999921013955826        2.0000000000000000E-002
  0.57429852027082851       0.19119341568101766       0.11696272088438318        2.0000000000000000E-002
  0.80818030552094611       0.21535842217732135        8.9263152587228140E-002   2.0000000000000000E-002
  0.34489591090175847       0.73556495426337720       0.25062452699038751        2.0000000000000000E-002
  0.14750658887399057       0.85999864528228065        2.7168928240979356E-002   2.0000000000000000E-002
  0.47212742143451736       0.38887061528027911       0.11985470363209182        2.0000000000000000E-002
  0.45388549552878799       0.60898358619431625       0.22051183019342935        2.0000000000000000E-002
  0.64377632822229769       0.96909161431797652        2.8006690137437819E-002   2.0000000000000000E-002
  0.16418128820409733       0.21748736192087928       0.10808280124806752        2.0000000000000000E-002
  0.28551982594909975        8.3589823391672258E-002  0.24967982526648755        2.0000000000000000E-002
  0.26849588968287907       0.23980611613823252        8.2007753899889402E-002   2.0000000000000000E-002
  0.40660912094492935       0.33713209167235664       0.20024703065454208        2.0000000000000000E-002
  0.66226834113660993       0.40776995252424958       0.19862893227576828        2.0000000000000000E-002
  0.29852741846559083       0.71563233374856339        4.5938832930609165E-002   2.0000000000000000E-002
  0.84224241894440099       0.54287271712475982       0.12117933477948598        2.0000000000000000E-002
  0.51454680862364399       0.19286374280011942        2.8685445871970774E-002   2.0000000000000000E-002
  0.56285124075022941       0.59212914765843649       0.11789166371224116        2.0000000000000000E-002
  0.65217638279265955       0.18677368161912639       0.19221266320113695        2.0000000000000000E-002
  0.46209691599668284       0.48733342927164003        6.9258613574780054E-002   2.0000000000000000E-002
  0.97098727135549046       0.36051829245630551       0.20556939274717462        2.0000000000000000E-002
  0.69415376917421467       0.45596181621847115        7.2485289504871070E-002   2.0000000000000000E-002
