  0.42692843392687269       0.52823900813934899       0.14412022030156271        2.0000000000000000E-002
  0.41713789588963057       0.72704092079229121       0.29220234592494765        2.0000000000000000E-002
  0.46718245557540716       0.24382503348703222        9.0888569713752906E-002   2.0000000000000000E-002
  0.21062246202756185       0.24823088579762209       0.22466430177458227        2.0000000000000000E-002
  0.67534415808407022       0.61138625151207304        7.6887191890407228E-002   2.0000000000000000E-002
  0.26570735186761418       0.38811603539354889       0.29040165413609587        2.0000000000000000E-002
  0.30056034199848658       0.76087261154112773        5.2915613768522322E-002   2.0000000000000000E-002
  0.85127803109766786        2.1367863508367359E-002   2.5892726778169357E-002   2.0000000000000000E-002
  0.30494855281945382       0.52003043893287759        5.4515872320556241E-002   2.0000000000000000E-002
  0.60907927453129562       0.82306477273312284       0.24885565039156485        2.0000000000000000E-002
  0.74560585469459317       0.12639905366654386       0.22628246285534909        2.0000000000000000E-002
  0.49388274726278508       0.50202569578680645        1.9934066300340964E-002   2.0000000000000000E-002
   9.3566263369473990E-002  0.16822277424853174        1.6935404370104590E-002   2.0000000000000000E-002
  0.30754277987321871       0.10138553285506442       0.10526183761507386        2.0000000000000000E-002
  0.33469472194063565       0.37138061692235291       0.13995482079156857        2.0000000000000000E-002
  0.28448139968578778       0.94130946379638802        2.8653301590781912E-002   2.0000000000000000E-002
  0.65486980857711929       0.51364848259120177       0.22424958903771172        2.0000000000000000E-002
  0.81180439059864296       0.80830201584223438       0.25432708645273822        2.0000000000000000E-002
  0.84876750029322479       0.84282782124144040        5.2478470136152776E-002   2.0000000000000000E-002
  0.38784745385034591       0.63224084998348395       0.23399080387115362        2.0000000000000000E-002
  0.13092915905390753       0.70659203395109649       0.11174119238599586        2.0000000000000000E-002
  0.39606022678647224       0.47591978085600184        6.0653588440913023E-002   2.0000000000000000E-002
  0.70268819086240308       0.16693398111777716       0.19687856522182526        2.0000000000000000E-002
  0.77985090170204707       0.54908499674387912       0.27237663942437340        2.0000000000000000E-002
  0.12337144795077694       0.49096973551868373       0.27273228934998345        2.0000000000000000E-002
  0.48641178686973707       0.64239501695806034       0.20969976628519432        2.0000000000000000E-002
  0.55871932584187967       0.22958660814970192        7.7309630966816326E-002   2.0000000000000000E-002
  0.20499510054868883       0.51651548544249481       0.28473123981076870        2.0000000000000000E-002
  0.48029386607627444       0.72348818958721528        6.0313208133160920E-002   2.0000000000000000E-002
  0.45068208289497624        5.8083112116258002E-002  0.29537318891863368        2.0000000000000000E-002
  0.67360612376389251       0.25966401526766342       0.25603269954856339        2.0000000000000000E-002
  0.36534303840847604       0.95346516046804053       0.12230437187612626        2.0000000000000000E-002
   3.1979258397517973E-002  0.18027311126594897        8.3211080381161401E-002   2.0000000000000000E-002
  0.45622690043577963       0.56788344744977548        3.0808727440742062E-002   2.0000000000000000E-002
  0.48822462887781354       0.74428201775574931       0.35612610358320546        2.0000000000000000E-002
  0.18612233354154945       0.59538854017539100       0.29013055155662698        2.0000000000000000E-002
  0.17753933266395738       0.43646378826680216       0.19290183289265317        2.0000000000000000E-002
  0.69336741097014309       0.57662434884894498        7.6324178568159512E-002   2.0000000000000000E-002
  0.35072183349433000       0.54832642592951875       0.28619617659684221        2.0000000000000000E-002
  0.20214764269189298       0.93462882489974708       0.10315087941394263        2.0000000000000000E-002
  0.73341585735182846       0.32890153103705855        3.8921708656907951E-002   2.0000000000000000E-002
  0.11659079364632054       0.61376998348990652       0.29044686573110468        2.0000000000000000E-002
  0.78343612460107903       0.20198164126555421       0.52331372800941756        2.0000000000000000E-002
  0.21648594215187483       0.32142772285919108       0.24728914666318011        2.0000000000000000E-002
  0.91931624265142475       0.55564242530910946        8.9320250916930161E-002   2.0000000000000000E-002
  0.62860504630943070       0.28752335409019131        3.5947395221751020E-002   2.0000000000000000E-002
  0.24069979387162843       0.36180226290204914        3.4906728687170270E-002   2.0000000000000000E-002
  0.26574403833063598       0.74525293347575894       0.22448933314384334        2.0000000000000000E-002
  0.67631700142138906       0.47152139078702426        3.1204595317401933E-002   2.0000000000000000E-002
  0.62939595587138053       0.12617181247808162        2.8253712018982569E-002   2.0000000000000000E-002
  0.61773636336059778       0.54025198340873115       0.14518202400443472        2.0000000000000000E-002
  0.90836620738112683       0.14324765935101932        1.5121999368382556E-002   2.0000000000000000E-002
  0.84386563729486197       0.53431028673843939        5.9477199490004115E-002   2.0000000000000000E-002
  0.15239539520907497       0.35282746255845404       0.23941316849159144        2.0000000000000000E-002
  0.78241374525360718       0.68175132153796525        1.9155108069584339E-002   2.0000000000000000E-002
  0.53062145724418674       0.46065988596983659       0.21920738645821766        2.0000000000000000E-002
  0.23254800587705360       0.83903531425025601       0.34649659557117946        2.0000000000000000E-002
  0.68338056166123151       0.93575608288391177       0.21455743147138548        2.0000000000000000E-002
  0.45451393648702010       0.95044382495671786        8.2724275501606451E-002   2.0000000000000000E-002
  0.28719177338639540       0.57978876757670084       0.16716989199270713        2.0000000000000000E-002
  0.22547434297661478       0.16805279047888660       0.32039137411159951        2.0000000000000000E-002
  0.36238295301085177       0.20773356758275202       0.11862213125692012        2.0000000000000000E-002
  0.34204781240379667       0.41888510564269577       0.22773537987593562        2.0000000000000000E-002
  0.18874950549367239        7.7943374924452608E-002  0.48827072670898669        2.0000000000000000E-002
  0.27111306427277398       0.47389295850998314        2.4771828589729285E-002   2.0000000000000000E-002
  0.12661657411709146       0.56606518322414368        4.0500243894502096E-002   2.0000000000000000E-002
  0.52829522643559645       0.48984089028103650       0.28748465091738684        2.0000000000000000E-002
  0.43741492567065954       0.79028226337941576       0.29238400285729038        2.0000000000000000E-002
  0.11588864906174429       0.30269816730428484       0.26395129339347922        2.0000000000000000E-002
  0.97629915108988330       0.42696215429885598        2.7899007609505828E-002   2.0000000000000000E-002
  0.33295146845585444        5.0669439010674347E-002  0.22750144254832833        2.0000000000000000E-002
  0.17053465763779493       0.25940171124820655       0.24573284746976945        2.0000000000000000E-002
  0.73745293406978962       0.55192360673750884       0.28894320639786641        2.0000000000000000E-002
  0.84326399482112535       0.56921859859116253        2.7263927815032486E-002   2.0000000000000000E-002
  0.45742666628340312       0.50107418685599148       0.29109189529949120        2.0000000000000000E-002
  0.51836911202794422       0.86889391602747268       0.11341374298409913        2.0000000000000000E-002
  0.81800415979536545       0.36251909482255351       0.18319188729884561        2.0000000000000000E-002
  0.75766978350877501       0.39115054283075856       0.26833588909889100        2.0000000000000000E-002
  0.66000175874880929       0.64514103998497840        1.8111072064029440E-002   2.0000000000000000E-002
   6.0258260820405585E-002  0.54830075604512996       0.60059431380410710        2.0000000000000000E-002
  0.59265455335755901       0.18589843591261501       0.13975850279070667        2.0000000000000000E-002
  0.83882983332721628       0.20487502664158105        7.1946344525046474E-002   2.0000000000000000E-002
  0.34489591090175847       0.73556495426337720       0.26508021716566776        2.0000000000000000E-002
  0.11471835962335107       0.87259169737019759        3.8419349338272180E-002   2.0000000000000000E-002
  0.47212742143451736       0.38887061528027911        9.2215495436111239E-002   2.0000000000000000E-002
  0.45996960208284865       0.62814747385348446       0.26268253478556458        2.0000000000000000E-002
  0.62499748495966312       0.94113393613445917        2.8460186184260883E-002   2.0000000000000000E-002
  0.13213674108171330       0.21837623052724833       0.10771292402985477        2.0000000000000000E-002
  0.27227528027705217        7.9408356185263651E-002  0.26519050137623612        2.0000000000000000E-002
  0.22738587993566517       0.24419374574480510        8.5905194170527777E-002   2.0000000000000000E-002
  0.42624096940720529       0.34510366987870716       0.22143054506560175        2.0000000000000000E-002
  0.65965011881143076       0.44251864529650137       0.20061734676495480        2.0000000000000000E-002
  0.29941683541744557       0.70823142970858532        4.0373318648363909E-002   2.0000000000000000E-002
  0.85784762960370509       0.52370032067724270        9.7383549853164234E-002   2.0000000000000000E-002
  0.49817536467067869       0.13037552179866951        4.0199938718030181E-002   2.0000000000000000E-002
  0.58260980986451039       0.59355815701128556       0.10240668977549602        2.0000000000000000E-002
  0.65217638279265955       0.18677368161912639       0.25769688396185569        2.0000000000000000E-002
  0.52049527900339587       0.50445334612902271        6.0000440902293020E-002   2.0000000000000000E-002
  0.97001786099181342       0.34789122344192958       0.19843900041726059        2.0000000000000000E-002
  0.72498760396875606       0.46306333044249387        9.9580101604282670E-002   2.0000000000000000E-002
