  0.40931895519160838       0.52975698255866732       0.14773948900891828        2.0000000000000000E-002
  0.41713789588963057       0.72704092079229121       0.30364831803019576        2.0000000000000000E-002
  0.46718245557540716       0.24382503348703222        7.9641470924002852E-002   2.0000000000000000E-002
  0.21062246202756185       0.24823088579762209       0.22277895765118114        2.0000000000000000E-002
  0.67216581623684279       0.60785111640400946        7.9906375884450168E-002   2.0000000000000000E-002
  0.26570735186761418       0.38811603539354889       0.29976824087118986        2.0000000000000000E-002
  0.31027097343292631       0.74704536755725059        5.6736409226204709E-002   2.0000000000000000E-002
  0.85660086114673828        3.0646501742005585E-002   2.9928148871501636E-002   2.0000000000000000E-002
  0.30113795532356918       0.53330494916674032        5.7984548126976704E-002   2.0000000000000000E-002
  0.60271763869352513       0.83054310378810037       0.25612326732971324        2.0000000000000000E-002
  0.74560585469459317       0.12639905366654386       0.22454392083288055        2.0000000000000000E-002
  0.49772447577610029       0.50861804701187185        1.9886354936698863E-002   2.0000000000000000E-002
   8.9129894896508632E-002  0.17670818255949153        2.4141515297114925E-002   2.0000000000000000E-002
  0.29684230139902829       0.11676384034405625       0.10953058466144294        2.0000000000000000E-002
  0.33469472194063565       0.37138061692235291       0.13160974199581676        2.0000000000000000E-002
  0.27382121819191108       0.93129455750812984        2.3611756085838851E-002   2.0000000000000000E-002
  0.65486980857711929       0.51364848259120177       0.22228720423396905        2.0000000000000000E-002
  0.81565546728237925       0.81676700496995547       0.26731549814037942        2.0000000000000000E-002
  0.85910728278326787       0.84770236326025827        3.9378520766018769E-002   2.0000000000000000E-002
  0.38784745385034591       0.63224084998348395       0.23302316883544971        2.0000000000000000E-002
  0.11262233853900208       0.70041042899375161       0.11340910857354507        2.0000000000000000E-002
  0.39661191647798588       0.48222915911546882        4.7830958563213552E-002   2.0000000000000000E-002
  0.70268819086240308       0.16693398111777716       0.19257869057067523        2.0000000000000000E-002
  0.77985090170204707       0.54908499674387912       0.29003037492542372        2.0000000000000000E-002
  0.12337144795077694       0.49096973551868373       0.29053938955321318        2.0000000000000000E-002
  0.48641178686973707       0.64239501695806034       0.20645988450901356        2.0000000000000000E-002
  0.56383651721685002       0.23638004226039314        7.4454502751111956E-002   2.0000000000000000E-002
  0.20367371732686099       0.51979989401792726       0.29612676990169345        2.0000000000000000E-002
  0.48029386607627444       0.72348818958721528        4.7438440250118327E-002   2.0000000000000000E-002
  0.46324309095605010        6.4824867415820622E-002  0.30634654592289162        2.0000000000000000E-002
  0.67360612376389251       0.25966401526766342       0.27607292624966201        2.0000000000000000E-002
  0.35644006468134426       0.94311880816134008       0.11958180298125132        2.0000000000000000E-002
   3.5246276799525522E-002  0.16101884913801107        9.2028884267364691E-002   2.0000000000000000E-002
  0.44713873405023385       0.57620110702351768        3.7768011444792922E-002   2.0000000000000000E-002
  0.49519211659507673       0.73344821664186399       0.32592101387768374        2.0000000000000000E-002
  0.18612233354154945       0.59538854017539100       0.29951471530711871        2.0000000000000000E-002
  0.17496215146966088       0.43222173942667147       0.18872107084038267        2.0000000000000000E-002
  0.70077169308249276       0.57554395980222506        7.7417639301962549E-002   2.0000000000000000E-002
  0.34789548469359705       0.54864561332330120       0.29444574027123666        2.0000000000000000E-002
  0.19970910522864502       0.94332182041247392       0.12459410103019758        2.0000000000000000E-002
  0.73787199582627971       0.30893706771805862        4.2405484483098714E-002   2.0000000000000000E-002
  0.11659079364632054       0.61376998348990652       0.29937938405625236        2.0000000000000000E-002
  0.78553381852264459       0.21094890113744905       0.49950638391520746        2.0000000000000000E-002
  0.21648594215187483       0.32142772285919108       0.26863234511855588        2.0000000000000000E-002
  0.90793205311040537       0.55407069674402321        8.0077247295337606E-002   2.0000000000000000E-002
  0.62860504630943070       0.28752335409019131        4.4528944821309618E-002   2.0000000000000000E-002
  0.23557573587620528       0.35606452827843155        3.5337961081498774E-002   2.0000000000000000E-002
  0.26935090882204316       0.75774031587529866       0.23080154874801198        2.0000000000000000E-002
  0.67973685328953626       0.47008211225593410        3.0803961011374618E-002   2.0000000000000000E-002
  0.64231130348812926       0.11334747551660733        2.7475173888511142E-002   2.0000000000000000E-002
  0.61733341804046515       0.53058608257546447       0.14972162260652139        2.0000000000000000E-002
  0.93386955585484788       0.12787832121290063        2.5494997297473693E-002   2.0000000000000000E-002
  0.84765173242683656       0.54015025384652937        5.0004890596008114E-002   2.0000000000000000E-002
  0.14878852471766779       0.34034008015890876       0.24953611920396462        2.0000000000000000E-002
  0.76477973558944912       0.69354152864836116        2.0576886353041415E-002   2.0000000000000000E-002
  0.52338914872095610       0.46082501932115189       0.21499103424205013        2.0000000000000000E-002
  0.21920719247782172       0.84844678014180719       0.33864624604917348        2.0000000000000000E-002
  0.68914636698208798       0.94965354136620439       0.23016216668566261        2.0000000000000000E-002
  0.44660691008718079       0.96055604629393965        8.5498105611621286E-002   2.0000000000000000E-002
  0.28080336770112507       0.57971884085389980       0.16105989878316332        2.0000000000000000E-002
  0.22758475096738057       0.17270814763759540       0.33633169038461624        2.0000000000000000E-002
  0.35509273488503568       0.20893664164162457       0.11874753266115121        2.0000000000000000E-002
  0.34204781240379667       0.41888510564269577       0.22609727029988386        2.0000000000000000E-002
  0.19424128358933165        8.8807995883304319E-002  0.49175108542491464        2.0000000000000000E-002
  0.26663657214278952       0.47830227515056878        2.2477855307896165E-002   2.0000000000000000E-002
  0.13975116822901854       0.58578236412775486        4.9908109700084767E-002   2.0000000000000000E-002
  0.52829522643559645       0.48984089028103650       0.29530389277860525        2.0000000000000000E-002
  0.43741492567065954       0.79028226337941576       0.30371493022136475        2.0000000000000000E-002
  0.11588864906174429       0.30269816730428484       0.28294580712941253        2.0000000000000000E-002
  0.96688265843767995       0.41592436652821019        3.6009605975041117E-002   2.0000000000000000E-002
  0.33395168198331227        6.0013814166044330E-002  0.23071539748235739        2.0000000000000000E-002
  0.17053465763779493       0.25940171124820655       0.24603450934987034        2.0000000000000000E-002
  0.73745293406978962       0.55192360673750884       0.30262736950515601        2.0000000000000000E-002
  0.86240794699427603       0.56927534014267545        2.5880915232671435E-002   2.0000000000000000E-002
  0.45742666628340312       0.50107418685599148       0.30148621572255641        2.0000000000000000E-002
  0.53819924222971427       0.87835454493731357       0.11923166451070420        2.0000000000000000E-002
  0.82072507856873445       0.36580317755023717       0.17876118838956706        2.0000000000000000E-002
  0.75766978350877501       0.39115054283075856       0.28661984022644788        2.0000000000000000E-002
  0.66095321181211186       0.64019809572714315        2.3227723251004310E-002   2.0000000000000000E-002
   6.2060986209938107E-002  0.54945462331948047       0.59883068169229015        2.0000000000000000E-002
  0.59877323105313585       0.18413344265648079       0.14539509675948115        2.0000000000000000E-002
  0.84904634259597300       0.20138056146300096        6.4212075170985899E-002   2.0000000000000000E-002
  0.34489591090175847       0.73556495426337720       0.26793678055742787        2.0000000000000000E-002
  0.10378894987313696       0.87678938139950324        4.0207489704036425E-002   2.0000000000000000E-002
  0.47212742143451736       0.38887061528027911        8.1040426037451152E-002   2.0000000000000000E-002
  0.46199763760086887       0.63453543640654053       0.27477743631627649        2.0000000000000000E-002
  0.61873787053878493       0.91745265405798826        2.6649351533201904E-002   2.0000000000000000E-002
  0.12145522537425196       0.21867252006270468       0.10562763162378384        2.0000000000000000E-002
  0.26786043171970297        7.8014533783127449E-002  0.26839872674615228        2.0000000000000000E-002
  0.21368254335326053       0.24565628894699595        8.5242340927407206E-002   2.0000000000000000E-002
  0.43278491889463061       0.34776086261415734       0.22652971653595494        2.0000000000000000E-002
  0.65877737803637104       0.45410154288725196       0.19931815159468363        2.0000000000000000E-002
  0.29971330773473048       0.70576446169525930        3.6556147220948805E-002   2.0000000000000000E-002
  0.86334174248129603       0.51731426433029071        8.8368795173391190E-002   2.0000000000000000E-002
  0.49271821668636184       0.10954611479818517        4.2076103000049971E-002   2.0000000000000000E-002
  0.58919599956927071       0.59403449346223525        9.5283031796580944E-002   2.0000000000000000E-002
  0.65217638279265955       0.18677368161912639       0.27756295754876209        2.0000000000000000E-002
  0.54136498275781841       0.51064302438422005        6.0973551093409767E-002   2.0000000000000000E-002
  0.96149079821034189       0.34368220043713760       0.19410020297395589        2.0000000000000000E-002
  0.73526554890026985       0.46543050185050144       0.10664970563741984        2.0000000000000000E-002
