  0.67867245195750492       0.48965603285898479        2.1415824382473088E-002   2.0000000000000000E-002
  0.41713789588963057       0.72704092079229121        7.3194107092551974E-002   2.0000000000000000E-002
  0.46718245557540716       0.24382503348703222       0.13199624913950461        2.0000000000000000E-002
  0.21062246202756185       0.24823088579762209       0.10662215187240252        2.0000000000000000E-002
  0.78830530610186733       0.62033715720140481        6.1508696347875723E-002   2.0000000000000000E-002
  0.26570735186761418       0.38811603539354889        3.6040600143084689E-002   2.0000000000000000E-002
  0.16563812628449759       0.94541932884461721        9.0915892787202107E-002   2.0000000000000000E-002
  0.76078992026347081       0.20669367524196869        2.0433761437336495E-002   2.0000000000000000E-002
  0.40323040181209407       0.32712508972696330        7.5341235142509275E-002   2.0000000000000000E-002
  0.71722708377339406       0.69593314479850488        4.5493595259881899E-002   2.0000000000000000E-002
  0.74560585469459317       0.12639905366654386       0.10574467723731495        2.0000000000000000E-002
  0.42476243345412013       0.41533142024722980        9.7796869707011277E-002   2.0000000000000000E-002
  0.16898452740988507        2.3970832962215090E-002   6.3431039477163928E-002   2.0000000000000000E-002
  0.43737326690164224       0.13403396048810007       0.21581252252466060        2.0000000000000000E-002
  0.33469472194063565       0.37138061692235291       0.13172816031934825        2.0000000000000000E-002
  0.46570448508169182       0.82617107463540984        4.7527459844084269E-002   2.0000000000000000E-002
  0.65486980857711929       0.51364848259120177       0.10751713070133781        2.0000000000000000E-002
  0.75974767180638592       0.69369555937937111       0.14916010529664572        2.0000000000000000E-002
  0.67299119796249240       0.75996060692153655       0.12508460942843502        2.0000000000000000E-002
  0.38784745385034591       0.63224084998348395       0.10034759947812127        2.0000000000000000E-002
  0.29982462431256696       0.76502438614501878       0.28855812804778391        2.0000000000000000E-002
  0.38668150203074025       0.36866035044506318       0.12854529636180764        2.0000000000000000E-002
  0.70268819086240308       0.16693398111777716       0.11988343429137509        2.0000000000000000E-002
  0.77985090170204707       0.54908499674387912       0.19749007848088232        2.0000000000000000E-002
  0.12337144795077694       0.49096973551868373       0.19913350467372695        2.0000000000000000E-002
  0.48641178686973707       0.64239501695806034       0.11468475648026730        2.0000000000000000E-002
  0.43084221460468314       0.15039617015581677        3.8641250994119705E-002   2.0000000000000000E-002
  0.24776288022527182       0.50398469720439776        9.1587224581913554E-002   2.0000000000000000E-002
  0.48029386607627444       0.72348818958721528       0.12909126214488892        2.0000000000000000E-002
  0.24957055385201782        8.4109931107317237E-002   6.0326976675028295E-002   2.0000000000000000E-002
  0.67360612376389251       0.25966401526766342       0.24892472432414048        2.0000000000000000E-002
  0.51669359176971630       0.80421459473842660        1.8498904665703291E-002   2.0000000000000000E-002
  0.17662352427732872       0.40447834592389620        6.5405726919615673E-002   2.0000000000000000E-002
  0.61072572898999011       0.42648323469615812        7.8663810135213300E-002   2.0000000000000000E-002
  0.36977733768433935       0.92845663669179979       0.71951962857708995        2.0000000000000000E-002
  0.18612233354154945       0.59538854017539100        3.6732251310546526E-002   2.0000000000000000E-002
  0.19400337668285403       0.46355213167285270       0.12458080758942225        2.0000000000000000E-002
  0.61182873566240881       0.64050418355109617        6.9158732957241370E-002   2.0000000000000000E-002
  0.39310340975082753       0.54446210780524529        1.9227216557702261E-002   2.0000000000000000E-002
  0.24360277956710827       0.78684790118339076       0.34612867497636934        2.0000000000000000E-002
  0.68811044030235513       0.62312685818044944       0.15206906894410310        2.0000000000000000E-002
  0.11659079364632054       0.61376998348990652        2.7353907196305541E-002   2.0000000000000000E-002
  0.74777532793446455        4.9538223443331274E-002  0.77794557761100303        2.0000000000000000E-002
  0.21648594215187483       0.32142772285919108       0.27503504035576870        2.0000000000000000E-002
  0.82603647942108172       0.58236042576401048        9.6358114046150092E-002   2.0000000000000000E-002
  0.62860504630943070       0.28752335409019131       0.11411607568691573        2.0000000000000000E-002
  0.28391722228062116       0.28311630283399036        4.2667332965393968E-002   2.0000000000000000E-002
  0.21358943855294588       0.56468797200277709        6.4624095922463820E-002   2.0000000000000000E-002
  0.54559768548503507       0.41566271009492423        8.3548947368305995E-002   2.0000000000000000E-002
  0.43329314474926273       0.32071204080023302        3.9743816134469173E-002   2.0000000000000000E-002
  0.62537341905216581       0.71588390585955419       0.10380325352023605        2.0000000000000000E-002
  0.62714392131793006       0.20562896364575856        6.8298071834896210E-002   2.0000000000000000E-002
  0.77280561366039546       0.43488564526194745        5.0263412119458561E-002   2.0000000000000000E-002
  0.20454999498676507       0.53339242403150133       0.11800193013239059        2.0000000000000000E-002
  0.87301008870758445       0.48131780066124358        2.2704213176154682E-002   2.0000000000000000E-002
  0.65357070213910773       0.45785261899747659       0.14079237413306542        2.0000000000000000E-002
  0.45934183366399550       0.67904039409388606       0.32985953744528035        2.0000000000000000E-002
  0.61772942442983381       0.77768967022648938       0.24278313202038557        2.0000000000000000E-002
  0.58893338528422601       0.77853606222394756       0.10363864995817021        2.0000000000000000E-002
  0.39579467003599095       0.58097752186431850       0.12094677655495113        2.0000000000000000E-002
  0.18959740713359646        8.8911718780837076E-002  0.12278992717581633        2.0000000000000000E-002
  0.49885878559768126       0.25536837614126140        5.4368204541401920E-002   2.0000000000000000E-002
  0.34204781240379667       0.41888510564269577       0.10549024266881596        2.0000000000000000E-002
   9.5389277867472450E-002  0.16668354892107057       0.27901162853821687        2.0000000000000000E-002
  0.29320247386396248       0.53164353634924832        2.6171344680832657E-002   2.0000000000000000E-002
   4.3989721042383745E-002  0.33340546698598944       0.33437516647548921        2.0000000000000000E-002
  0.52829522643559645       0.48984089028103650        1.1683471368658431E-002   2.0000000000000000E-002
  0.43741492567065954       0.79028226337941576        7.0863195888026448E-002   2.0000000000000000E-002
  0.11588864906174429       0.30269816730428484       0.22593298355771496        2.0000000000000000E-002
  0.79886469353202916       0.60987201851389805       0.10120580434577189        2.0000000000000000E-002
  0.30953090641373149       0.17974995726896964        2.0247070105607706E-002   2.0000000000000000E-002
  0.17053465763779493       0.25940171124820655        9.0511595508055820E-002   2.0000000000000000E-002
  0.73745293406978962       0.55192360673750884       0.11628698837911930        2.0000000000000000E-002
  0.59313045044652102       0.67472614915253726        4.2601715865603795E-002   2.0000000000000000E-002
  0.45742666628340312       0.50107418685599148        5.5049457712774058E-002   2.0000000000000000E-002
  0.32114430454416032       0.77480288044096191       0.22217348128711123        2.0000000000000000E-002
  0.77174854064809251       0.30668968845193134       0.10842076875658008        2.0000000000000000E-002
  0.75766978350877501       0.39115054283075856       0.21112425231533008        2.0000000000000000E-002
  0.53674864939926981       0.73098234697959474        1.8840037755627818E-002   2.0000000000000000E-002
   2.9611929198352708E-002  0.52868501238117116       0.48048305970499733        2.0000000000000000E-002
  0.56905741298028312       0.20601824606503746        6.8847078718351731E-002   2.0000000000000000E-002
  0.58878484057917246       0.37180269874521565       0.37564074699409045        2.0000000000000000E-002
  0.34489591090175847       0.73556495426337720        6.6425639505750519E-002   2.0000000000000000E-002
  0.27035980670545717       0.77317982847753863        4.7614429444223977E-002   2.0000000000000000E-002
  0.47212742143451736       0.38887061528027911       0.13209867521333349        2.0000000000000000E-002
  0.43115935163246794       0.51799024288150308       0.11667543183852011        2.0000000000000000E-002
  0.69222677438376623       0.63915268207046982        2.4896886116209351E-002   2.0000000000000000E-002
  0.31214134512873942       0.22489119755000075        3.6524937703020413E-002   2.0000000000000000E-002
  0.34290019281184075       0.10671989494213002        8.7286438248157766E-002   2.0000000000000000E-002
  0.46034260183654396       0.21933051130756051        7.2445370121570082E-002   2.0000000000000000E-002
  0.33225389377097159       0.29840254628478330        3.9634918958741598E-002   2.0000000000000000E-002
  0.60309339705146980       0.33170283597311973        4.3780770660581322E-002   2.0000000000000000E-002
  0.29680988357212956       0.73008516213528307        6.6581110633295360E-002   2.0000000000000000E-002
  0.77114411707555719       0.63240847921439181       0.12069141797778120        2.0000000000000000E-002
  0.57097329585108003       0.40882209734549946       0.17687306511227718        2.0000000000000000E-002
  0.47064458488356015       0.58546043734514086        7.3415875417051024E-002   2.0000000000000000E-002
  0.65217638279265955       0.18677368161912639       0.24471127797505382        2.0000000000000000E-002
  0.20226279076440784       0.41191982251464854        4.2893892640134434E-002   2.0000000000000000E-002
  0.81974355199405247       0.41944461452339321       0.12210555695343972        2.0000000000000000E-002
  0.57165693041579535       0.33535341276401731        9.7684819228235853E-002   2.0000000000000000E-002
