  0.73211353762561926       0.45390469828850089       0.24750049750312311        2.0000000000000000E-002
  0.41713789588963057       0.72704092079229121       0.52652401709253049        2.0000000000000000E-002
  0.46718245557540716       0.24382503348703222       0.18235075978716017        2.0000000000000000E-002
  0.21062246202756185       0.24823088579762209       0.30511106090378864        2.0000000000000000E-002
  0.78830530610186733       0.62033715720140481       0.38522964715568159        2.0000000000000000E-002
  0.26570735186761418       0.38811603539354889       0.48937051014306304        2.0000000000000000E-002
   1.5682413965521388E-002  0.47225317349566570       0.11550134536969794        2.0000000000000000E-002
  0.69707123854283493       0.31143286233499506        6.0638047672000005E-002   2.0000000000000000E-002
  0.36424484864411166       0.29582767758190448       0.45283726154935117        2.0000000000000000E-002
  0.73341892766083727       0.67689905167077624       0.48950823169985580        2.0000000000000000E-002
  0.74560585469459317       0.12639905366654386       0.30713925272624415        2.0000000000000000E-002
  0.42476243345412013       0.41533142024722980       0.10074019986327500        2.0000000000000000E-002
  0.22177202307636976       0.13233152897488559       0.22949696035597142        2.0000000000000000E-002
  0.43737326690164224       0.13403396048810007       0.66914243252463934        2.0000000000000000E-002
  0.33469472194063565       0.37138061692235291       0.21754532683325170        2.0000000000000000E-002
  0.52470327282686935       0.75605140170952634       0.34251192400960689        2.0000000000000000E-002
  0.65486980857711929       0.51364848259120177       0.30348726229163742        2.0000000000000000E-002
  0.75974767180638592       0.69369555937937111       0.60249001529662416        2.0000000000000000E-002
  0.65654068409121613       0.75226936445995907       0.21352958393021707        2.0000000000000000E-002
  0.38784745385034591       0.63224084998348395       0.31853801005965693        2.0000000000000000E-002
  0.29109712824251965       0.76112296815659819       0.74245260987587436        2.0000000000000000E-002
  0.38531936764869734       0.35333492557585555       0.15100644832169816        2.0000000000000000E-002
  0.70268819086240308       0.16693398111777716       0.27099445256455967        2.0000000000000000E-002
  0.77985090170204707       0.54908499674387912       0.65081998848086098        2.0000000000000000E-002
  0.12337144795077694       0.49096973551868373       0.65246341467370561        2.0000000000000000E-002
  0.48641178686973707       0.64239501695806034       0.28570029443212880        2.0000000000000000E-002
  0.40354572381567544       0.13683940832838362        5.7462387546853323E-002   2.0000000000000000E-002
  0.24776288022527182       0.50398469720439776       0.54491713458189206        2.0000000000000000E-002
  0.48029386607627444       0.72348818958721528       0.16382141098079758        2.0000000000000000E-002
   2.3791131998805490E-002  0.20770980407404593       0.51841436371358773        2.0000000000000000E-002
  0.67360612376389251       0.25966401526766342       0.70225463432411916        2.0000000000000000E-002
  0.56337613100903727       0.73699911202110935       0.39288010878763907        2.0000000000000000E-002
  0.17695262875754830       0.40457386438526477       0.51838007445182843        2.0000000000000000E-002
  0.68334407234884131       0.34470384602474280       0.23110511454319616        2.0000000000000000E-002
  0.21649260790454924       0.75667964785806585       0.76894460209861126        2.0000000000000000E-002
  0.18612233354154945       0.59538854017539100       0.49006216131052488        2.0000000000000000E-002
  0.19400337668285403       0.46355213167285270       0.25757330611809520        2.0000000000000000E-002
  0.57472426822832623       0.71314217624528542       0.22468052493056517        2.0000000000000000E-002
  0.39357289925829519       0.54542655709318177       0.47257650659818151        2.0000000000000000E-002
  0.26594289573744168       0.58163818723008009       0.55083987474675433        2.0000000000000000E-002
  0.68811044030235513       0.62312685818044944       0.60539897894408168        2.0000000000000000E-002
  0.11659079364632054       0.61376998348990652       0.48068381719628389        2.0000000000000000E-002
  0.70162606166002228       0.22083718802450825       0.68662014768365531        2.0000000000000000E-002
  0.21648594215187483       0.32142772285919108       0.72836495035574755        2.0000000000000000E-002
  0.67283169680018029       0.55673301384529383       0.24345976442969622        2.0000000000000000E-002
  0.62860504630943070       0.28752335409019131       0.12363344834455556        2.0000000000000000E-002
  0.23112972661413647       0.15503640770808189        8.8184765417984312E-002   2.0000000000000000E-002
  0.21358943855294588       0.56468797200277709       0.51795400592244223        2.0000000000000000E-002
  0.33049497457891230       0.33078471356242006       0.52315163440701451        2.0000000000000000E-002
  0.43329314474926273       0.32071204080023302       0.49307372613444755        2.0000000000000000E-002
  0.62394364961915250       0.74052023020123880       0.53211997728457616        2.0000000000000000E-002
  0.60311733244138466       0.20648405327198860        7.8813342517560170E-002   2.0000000000000000E-002
  0.41197984934797383        5.0615542861239496E-002  0.22716698160299625        2.0000000000000000E-002
  0.20454999498676507       0.53339242403150133       0.57133184013236904        2.0000000000000000E-002
  0.77927325028674221       0.43099440564434122       0.31163245805915391        2.0000000000000000E-002
  0.69113043296471044       0.45697536063116329       0.23958642966695126        2.0000000000000000E-002
  0.65816201186157253       0.45579583600496093       0.17365583148376806        2.0000000000000000E-002
  0.61772942442983381       0.77768967022648938       0.69611304202036428        2.0000000000000000E-002
  0.59723559678327509       0.75616847036691537       0.14144960652303676        2.0000000000000000E-002
  0.43096547924305362       0.58259070458539863       0.34315007077920462        2.0000000000000000E-002
  0.14316843133674922        5.6539781349336654E-002  0.64358664623050521        2.0000000000000000E-002
  0.52680432750123840       0.29457362081036698       0.25382547076719825        2.0000000000000000E-002
  0.34204781240379667       0.41888510564269577       0.30807782637731612        2.0000000000000000E-002
   7.0704159897141627E-002  0.46907573689939924       0.38479235212355017        2.0000000000000000E-002
  0.34871909042683263       0.65724639804157348        9.7063402225811959E-002   2.0000000000000000E-002
   9.0418696839230983E-002  0.20379508811285435       0.72023826742075492        2.0000000000000000E-002
  0.52829522643559645       0.48984089028103650       0.46169334439824861        2.0000000000000000E-002
  0.43741492567065954       0.79028226337941576       0.52419310588800494        2.0000000000000000E-002
  0.11588864906174429       0.30269816730428484       0.67926289355769354        2.0000000000000000E-002
  0.79896480748527432       0.60963619196660013       0.55432720301405358        2.0000000000000000E-002
  0.30953090641373149       0.17974995726896964       0.47357698010558608        2.0000000000000000E-002
  0.17053465763779493       0.25940171124820655       0.33757399127307103        2.0000000000000000E-002
  0.73745293406978962       0.55192360673750884       0.56961689837909768        2.0000000000000000E-002
  0.53413166270136136       0.74484582207842076       0.28344635880885255        2.0000000000000000E-002
  0.45742666628340312       0.50107418685599148       0.50837936771275249        2.0000000000000000E-002
  0.32114430454416032       0.77480288044096191       0.67550339128708992        2.0000000000000000E-002
  0.75876418507236254       0.29104199620148186       0.28653939947188128        2.0000000000000000E-002
  0.75766978350877501       0.39115054283075856       0.66445416231530885        2.0000000000000000E-002
  0.39106600635897937       0.69464068377056021       0.10877774945873465        2.0000000000000000E-002
   6.3411674920765257E-002  0.50644062083284291       0.10805092626147146        2.0000000000000000E-002
  0.53909499928531868       0.21092534787511472       0.46516625728535194        2.0000000000000000E-002
  0.32464615025211541       0.52205447845308184       0.57361584053884618        2.0000000000000000E-002
  0.34489591090175847       0.73556495426337720       0.37779832111703077        2.0000000000000000E-002
  0.36052583318289333       0.68391862999411779       0.21142091984313086        2.0000000000000000E-002
  0.47212742143451736       0.38887061528027911       0.18315946950649523        2.0000000000000000E-002
  0.43884429582162776       0.42657232932658928       0.54211770112671231        2.0000000000000000E-002
  0.69222677438376623       0.63915268207046982       0.47822679611618768        2.0000000000000000E-002
  0.35117874744540689       0.28072944659050503       0.15292764532394873        2.0000000000000000E-002
  0.37019668360084845       0.12027665676956310       0.33532332456505548        2.0000000000000000E-002
  0.51433160440805414       0.21356831987124919       0.14059648836082431        2.0000000000000000E-002
  0.33356417900434365       0.28918713425854548       0.48219729331088118        2.0000000000000000E-002
  0.59198930302406683       0.32922705718614659       0.50080077127735179        2.0000000000000000E-002
  0.29680988357212956       0.73008516213528307        7.1033502579588806E-002   2.0000000000000000E-002
  0.75538602993263437       0.65107593521199636       0.23436773648589740        2.0000000000000000E-002
  0.57097329585108003       0.40882209734549946       0.63020297511225587        2.0000000000000000E-002
  0.43500428616902975       0.58288280533612413       0.29016357898469197        2.0000000000000000E-002
  0.65217638279265955       0.18677368161912639       0.69804118797503245        2.0000000000000000E-002
  0.20193368628418826       0.41182430405327997       0.41165112383707575        2.0000000000000000E-002
  0.75175063742468617       0.44600394262417198       0.36648362927556649        2.0000000000000000E-002
  0.45422119270583172       0.35131998400257425       0.51304607632317489        2.0000000000000000E-002
