  0.63259447091844390       0.52193307206592532        4.3827065373178785E-002   2.0000000000000000E-002
  0.41713789588963057       0.72704092079229121        7.8332680661978571E-002   2.0000000000000000E-002
  0.46718245557540716       0.24382503348703222       0.14933575519075432        2.0000000000000000E-002
  0.21062246202756185       0.24823088579762209       0.17077043125539562        2.0000000000000000E-002
  0.72477378644210178       0.66585539363829394        2.2005098527192284E-002   2.0000000000000000E-002
  0.26570735186761418       0.38811603539354889       0.10148461331497552        2.0000000000000000E-002
  0.19807986532483457       0.93983898644801667        7.3689184573832112E-002   2.0000000000000000E-002
  0.78740407050882288       0.14782760193087074        4.4363664983600490E-002   2.0000000000000000E-002
  0.40554612081615699       0.38957130593460393        5.6025644603417843E-002   2.0000000000000000E-002
  0.68541890458454158       0.73332480007339251        8.5126247133787983E-002   2.0000000000000000E-002
  0.74560585469459317       0.12639905366654386       0.17062696712497127        2.0000000000000000E-002
  0.42486580514955785       0.41548297609302182        7.5947259697243849E-002   2.0000000000000000E-002
  0.14680268504505828        6.6397874517014316E-002   7.8388958391253108E-002   2.0000000000000000E-002
  0.43580907938780455       0.13098050713562617        5.0152925660954834E-002   2.0000000000000000E-002
  0.33469472194063565       0.37138061692235291       0.16357776634058974        2.0000000000000000E-002
  0.41240357761230828       0.88951885416178911        2.0622377216322860E-002   2.0000000000000000E-002
  0.65486980857711929       0.51364848259120177       0.17128020668262331        2.0000000000000000E-002
  0.76559147039380737       0.70672214630958130        2.1948146201052312E-002   2.0000000000000000E-002
  0.72469011041270781       0.78433331701562592       0.13315986257776383        2.0000000000000000E-002
  0.38784745385034591       0.63224084998348395       0.16908442429960024        2.0000000000000000E-002
  0.30892353433327757       0.76908466584086876       0.11871426944258104        2.0000000000000000E-002
  0.38943995048830848       0.40020724174239808       0.13800714697330932        2.0000000000000000E-002
  0.70268819086240308       0.16693398111777716       0.17195906103562517        2.0000000000000000E-002
  0.77985090170204707       0.54908499674387912        2.8243053480894256E-002   2.0000000000000000E-002
  0.12337144795077694       0.49096973551868373        2.9886479673738878E-002   2.0000000000000000E-002
  0.48641178686973707       0.64239501695806034       0.17206034759936301        2.0000000000000000E-002
  0.44970819618977009       0.15417195214645654        2.9474692985588649E-002   2.0000000000000000E-002
  0.23531382952328442       0.50091882521281617        6.5825033619233836E-002   2.0000000000000000E-002
  0.48029386607627444       0.72348818958721528       0.13829242272967493        2.0000000000000000E-002
  0.30493110427958664        5.6019050887605365E-002   8.7370990020624123E-002   2.0000000000000000E-002
  0.67360612376389251       0.25966401526766342        7.9677699324152390E-002   2.0000000000000000E-002
  0.47217872313405740       0.86960970776420565        7.8457198614625148E-002   2.0000000000000000E-002
   8.5121054488567133E-002  0.37792089790672312        4.5026549681891591E-002   2.0000000000000000E-002
  0.56528489706228902       0.46807153256486911        8.2312820781748813E-002   2.0000000000000000E-002
  0.40461477627065529       0.87428763112237318       0.64206918004947378        2.0000000000000000E-002
  0.18612233354154945       0.59538854017539100       0.10100258655073301        2.0000000000000000E-002
  0.19400337668285403       0.46355213167285270       0.17219482262034436        2.0000000000000000E-002
  0.64325575433460724       0.56133447317325202        4.3529121613483719E-002   2.0000000000000000E-002
  0.38463801910312551       0.54449617720412935       0.11068341250411454        2.0000000000000000E-002
  0.23141009225086848       0.83031287874702497       0.23385442412738502        2.0000000000000000E-002
  0.67994219565841341       0.56847509086505765        6.2690219203472897E-002   2.0000000000000000E-002
  0.11659079364632054       0.61376998348990652       0.10673864582933872        2.0000000000000000E-002
  0.75826379754229234        9.4374522802811403E-002  0.73248385713994590        2.0000000000000000E-002
  0.21648594215187483       0.32142772285919108       0.10578801535578063        2.0000000000000000E-002
  0.89815397284982745       0.57450316809014446       0.12371829437604009        2.0000000000000000E-002
  0.62860504630943070       0.28752335409019131       0.10435728011258141        2.0000000000000000E-002
  0.28835244630929591       0.33846093072631384        4.5826315802457586E-002   2.0000000000000000E-002
  0.22246159243374986       0.59540434468128223        7.2224745893823508E-002   2.0000000000000000E-002
  0.59327567060536401       0.45379412635432836        2.2233752253528319E-002   2.0000000000000000E-002
  0.47441178447038473       0.28006385601578832        3.3216397795116849E-002   2.0000000000000000E-002
  0.62257170720218935       0.65624279340793135        1.4923613454508843E-002   2.0000000000000000E-002
  0.69774332087143598       0.20313966233328917        1.6474656005128492E-002   2.0000000000000000E-002
  0.79381440304077888       0.46413225695679167        8.2731338250005448E-002   2.0000000000000000E-002
  0.19567784110596109       0.50267605135299620        4.1419759943120978E-002   2.0000000000000000E-002
  0.98397313992712454       0.54026883621321431        2.9882878470622883E-002   2.0000000000000000E-002
  0.61740915952295450       0.45867828575405306       0.19328561305222780        2.0000000000000000E-002
  0.39263776666783612       0.72609772355164193       0.36418278983525093        2.0000000000000000E-002
  0.61772942442983381       0.77768967022648938        7.3536107020397479E-002   2.0000000000000000E-002
  0.54939825328505720       0.82909716891005647        5.4301599214199858E-002   2.0000000000000000E-002
  0.36385264160963932       0.58062788825031331       0.16397181050723250        2.0000000000000000E-002
  0.20014944708742538       0.11218850457438105        5.2589578835406173E-002   2.0000000000000000E-002
  0.44986557052064491       0.19329667887628149        4.0599314406146544E-002   2.0000000000000000E-002
  0.34204781240379667       0.41888510564269577       0.17087469478855613        2.0000000000000000E-002
  0.12284816834576182        9.7958051653271330E-002  0.36998842211785260        2.0000000000000000E-002
  0.28300638864451222       0.48347475820185093        3.9167301711537691E-002   2.0000000000000000E-002
   3.3437681088554827E-002  0.36286237127533832       0.18046150716975384        2.0000000000000000E-002
  0.52829522643559645       0.48984089028103650       0.11713574858277093        2.0000000000000000E-002
  0.43741492567065954       0.79028226337941576        7.9894874488406264E-002   2.0000000000000000E-002
  0.11588864906174429       0.30269816730428484        5.6685958557726873E-002   2.0000000000000000E-002
  0.85356622580176778       0.55941560754657560        9.1996616951588256E-002   2.0000000000000000E-002
  0.31734807964202633       0.11998495559880537       0.10393278953723117        2.0000000000000000E-002
  0.17053465763779493       0.25940171124820655       0.16559490490855822        2.0000000000000000E-002
  0.73745293406978962       0.55192360673750884        4.8215249110398657E-002   2.0000000000000000E-002
  0.64393952157941581       0.60850459911714738        4.3677079676197009E-002   2.0000000000000000E-002
  0.45742666628340312       0.50107418685599148        8.9842050222716185E-002   2.0000000000000000E-002
  0.32114430454416032       0.77480288044096191        5.2926456287123162E-002   2.0000000000000000E-002
  0.78535313451493749       0.32311010209034963       0.15984227421018760        2.0000000000000000E-002
  0.75766978350877501       0.39115054283075856        4.1877227315341992E-002   2.0000000000000000E-002
  0.59792941593987259       0.74621678367802502        3.8121611266774748E-002   2.0000000000000000E-002
   3.8625556146015316E-002  0.53445434875292375       0.54523989914591098        2.0000000000000000E-002
  0.56697469633880038       0.20119483136656643        3.2623319325225136E-002   2.0000000000000000E-002
  0.64881636110803065       0.33765456699342788       0.26442890755210569        2.0000000000000000E-002
  0.34489591090175847       0.73556495426337720       0.15428345646454741        2.0000000000000000E-002
  0.23182417608626177       0.80918004191811765        5.2613326752683910E-002   2.0000000000000000E-002
  0.47212742143451736       0.38887061528027911       0.14979832822003303        2.0000000000000000E-002
  0.43563317586660599       0.55149192321681162        4.1025716417029158E-002   2.0000000000000000E-002
  0.70011285801020140       0.69915576627745091        3.5554832498455986E-002   2.0000000000000000E-002
  0.26031492957124941       0.21482075610177212        5.6218432902705416E-002   2.0000000000000000E-002
  0.32387317133207355        9.7270152831304191E-002  0.15846090558691445        2.0000000000000000E-002
  0.39182591892452079       0.22664322731851480        1.7455679899805329E-002   2.0000000000000000E-002
  0.34771357555810151       0.31321735705330506        8.3722487421365885E-002   2.0000000000000000E-002
  0.64212107393132289       0.33721797067375836       0.10364779914267390        2.0000000000000000E-002
  0.29680988357212956       0.73008516213528307        2.7288575272505954E-002   2.0000000000000000E-002
  0.79653636774300141       0.60043142132523752       0.14293817397839018        2.0000000000000000E-002
  0.56366114048254556       0.38032840580446914        5.5518375064102350E-002   2.0000000000000000E-002
  0.50357553340738648       0.58784211959988930       0.11137258552247627        2.0000000000000000E-002
  0.65217638279265955       0.18677368161912639        7.5464252975065760E-002   2.0000000000000000E-002
  0.29376526055317292       0.43847727053182162        7.5060608310575261E-002   2.0000000000000000E-002
  0.87375916605170889       0.39839949949943332       0.17398656973691648        2.0000000000000000E-002
  0.61598725271095134       0.38352274592742169        5.7174166834369718E-002   2.0000000000000000E-002
