   5.0000000000000001E-003  0.99987492249999999        10.000000000000000     
   1.0000000000000000E-002  0.99950459500000000        10.000000000000000     
   1.5000000000000001E-002  0.99888901749999992        10.000000000000000     
   2.0000000000000000E-002  0.99802818999999998        10.000000000000000     
   2.5000000000000001E-002  0.99692211249999985        10.000000000000000     
   3.0000000000000002E-002  0.99557078499999996        10.000000000000000     
   3.5000000000000003E-002  0.99397420749999976        10.000000000000000     
   4.0000000000000001E-002  0.99213237999999992        10.000000000000000     
   4.5000000000000005E-002  0.99004530249999967        10.000000000000000     
   5.0000000000000003E-002  0.98771297499999988        10.000000000000000     
   5.5000000000000000E-002  0.98513539749999968        10.000000000000000     
   6.0000000000000005E-002  0.98231256999999994        10.000000000000000     
   6.5000000000000002E-002  0.97924449249999967        10.000000000000000     
   7.0000000000000007E-002  0.97593116499999988        10.000000000000000     
   7.4999999999999997E-002  0.97237258749999966        10.000000000000000     
   8.0000000000000002E-002  0.96856875999999981        10.000000000000000     
   8.5000000000000006E-002  0.96451968249999964        10.000000000000000     
   9.0000000000000011E-002  0.96022535499999973        10.000000000000000     
   9.5000000000000001E-002  0.95568577749999961        10.000000000000000     
  0.10000000000000001       0.95090094999999963        10.000000000000000     
  0.10500000000000001       0.94587087249999957        10.000000000000000     
  0.11000000000000000       0.94059554499999953        10.000000000000000     
  0.11500000000000000       0.93507496749999952        10.000000000000000     
  0.12000000000000001       0.92930913999999953        10.000000000000000     
  0.12500000000000000       0.92329806249999957        10.000000000000000     
  0.13000000000000000       0.91704173499999964        10.000000000000000     
  0.13500000000000001       0.91054015749999972        10.000000000000000     
  0.14000000000000001       0.90379332999999984        10.000000000000000     
  0.14500000000000002       0.89680125249999998        10.000000000000000     
  0.14999999999999999       0.88956392500000014        10.000000000000000     
  0.15500000000000000       0.88208134750000033        10.000000000000000     
  0.16000000000000000       0.87435352000000055        10.000000000000000     
  0.16500000000000001       0.86638044250000079        10.000000000000000     
  0.17000000000000001       0.85816211500000106        10.000000000000000     
  0.17500000000000002       0.84969853750000135        10.000000000000000     
  0.18000000000000002       0.84098971000000167        10.000000000000000     
  0.18500000000000000       0.83203563250000201        10.000000000000000     
  0.19000000000000000       0.82283630500000238        10.000000000000000     
  0.19500000000000001       0.81339172750000277        10.000000000000000     
  0.20000000000000001       0.80370190000000319        10.000000000000000     
  0.20500000000000002       0.79376682250000363        10.000000000000000     
  0.21000000000000002       0.78358649500000410        10.000000000000000     
  0.21500000000000000       0.77316091750000460        10.000000000000000     
  0.22000000000000000       0.76249009000000512        10.000000000000000     
  0.22500000000000001       0.75157401250000566        10.000000000000000     
  0.23000000000000001       0.74041268500000623        10.000000000000000     
  0.23500000000000001       0.72900610750000683        10.000000000000000     
  0.24000000000000002       0.71735428000000745        10.000000000000000     
  0.24500000000000002       0.70545720250000810        10.000000000000000     
  0.25000000000000000       0.69331487500000877        10.000000000000000     
  0.25500000000000000       0.68092729750000947        10.000000000000000     
  0.26000000000000001       0.66829447000001019        10.000000000000000     
  0.26500000000000001       0.65541639250001094        10.000000000000000     
  0.27000000000000002       0.64229306500001171        10.000000000000000     
  0.27500000000000002       0.62892448750001251        10.000000000000000     
  0.28000000000000003       0.61531066000001333        10.000000000000000     
  0.28500000000000003       0.60145158250001418        10.000000000000000     
  0.29000000000000004       0.58734725500001506        10.000000000000000     
  0.29500000000000004       0.57299767750001596        10.000000000000000     
  0.29999999999999999       0.55840285000001688        10.000000000000000     
  0.30499999999999999       0.54356277250001783        10.000000000000000     
  0.31000000000000000       0.52847744500001881        10.000000000000000     
  0.31500000000000000       0.51314686750001981        10.000000000000000     
  0.32000000000000001       0.49757104000002084        10.000000000000000     
  0.32500000000000001       0.48174996250002189        10.000000000000000     
  0.33000000000000002       0.46568363500002297        10.000000000000000     
  0.33500000000000002       0.44937205750002407        10.000000000000000     
  0.34000000000000002       0.43281523000002520        10.000000000000000     
  0.34500000000000003       0.41601315250002635        10.000000000000000     
  0.35000000000000003       0.39896582500002753        10.000000000000000     
  0.35500000000000004       0.38167324750002873        10.000000000000000     
  0.36000000000000004       0.36413542000002996        10.000000000000000     
  0.36499999999999999       0.34635234250003122        10.000000000000000     
  0.37000000000000000       0.32832401500003250        10.000000000000000     
  0.37500000000000000       0.31005043750003380        10.000000000000000     
  0.38000000000000000       0.29153161000003514        10.000000000000000     
  0.38500000000000001       0.27276753250003649        10.000000000000000     
  0.39000000000000001       0.25375820500003787        10.000000000000000     
  0.39500000000000002       0.23450362750003931        10.000000000000000     
  0.40000000000000002       0.21500380000004077        10.000000000000000     
  0.40500000000000003       0.19525872250004225        10.000000000000000     
  0.41000000000000003       0.17526839500004374        10.000000000000000     
  0.41500000000000004       0.15503281750004516        10.000000000000000     
  0.42000000000000004       0.13455199000004650        10.000000000000000     
  0.42500000000000004       0.11382591250004775        10.000000000000000     
  0.42999999999999999        9.2854585000048923E-002   10.000000000000000     
  0.43500000000000000        7.1638007500050005E-002   10.000000000000000     
  0.44000000000000000        5.0176180000051002E-002   10.000000000000000     
  0.44500000000000001        3.6586109260539276E-002   10.000000000000000     
  0.45000000000000001        4.9916479203431778E-002   10.000000000000000     
  0.45500000000000002        7.0320247221397417E-002   10.000000000000000     
  0.46000000000000002        9.0478765239362990E-002   10.000000000000000     
  0.46500000000000002       0.11039203325732852        10.000000000000000     
  0.47000000000000003       0.13006005127529408        10.000000000000000     
  0.47500000000000003       0.14948281929325966        10.000000000000000     
  0.48000000000000004       0.16866033731122526        10.000000000000000     
  0.48500000000000004       0.18759260532919089        10.000000000000000     
  0.49000000000000005       0.20627962334715655        10.000000000000000     
  0.49500000000000005       0.22472139136512223        10.000000000000000     
  0.50000000000000000       0.24291790938308794        10.000000000000000     
  0.50500000000000000       0.26086917740105359        10.000000000000000     
  0.51000000000000001       0.27857519541901932        10.000000000000000     
  0.51500000000000001       0.29603596343698507        10.000000000000000     
  0.52000000000000002       0.31325148145495085        10.000000000000000     
  0.52500000000000002       0.33022174947291666        10.000000000000000     
  0.53000000000000003       0.34694676749088249        10.000000000000000     
  0.53500000000000003       0.36342653550884835        10.000000000000000     
  0.54000000000000004       0.37966105352681423        10.000000000000000     
  0.54500000000000004       0.39565032154478014        10.000000000000000     
  0.55000000000000004       0.41139433956274607        10.000000000000000     
  0.55500000000000005       0.42689310758071203        10.000000000000000     
  0.56000000000000005       0.44214662559867801        10.000000000000000     
  0.56500000000000006       0.45715489361664402        10.000000000000000     
  0.57000000000000006       0.47191791163461005        10.000000000000000     
  0.57500000000000007       0.48643567965257611        10.000000000000000     
  0.58000000000000007       0.50070819767054220        10.000000000000000     
  0.58500000000000008       0.51473546568850848        10.000000000000000     
  0.59000000000000008       0.52851748370647444        10.000000000000000     
  0.59499999999999997       0.54205425172444077        10.000000000000000     
  0.59999999999999998       0.55534576974240679        10.000000000000000     
  0.60499999999999998       0.56839203776037317        10.000000000000000     
  0.60999999999999999       0.58119305577833924        10.000000000000000     
  0.61499999999999999       0.59374882379630567        10.000000000000000     
  0.62000000000000000       0.60605934181427179        10.000000000000000     
  0.62500000000000000       0.61812460983223827        10.000000000000000     
  0.63000000000000000       0.62994462785020444        10.000000000000000     
  0.63500000000000001       0.64151939586817097        10.000000000000000     
  0.64000000000000001       0.65284891388613719        10.000000000000000     
  0.64500000000000002       0.66393318190410378        10.000000000000000     
  0.65000000000000002       0.67477219992207005        10.000000000000000     
  0.65500000000000003       0.68536596794003668        10.000000000000000     
  0.66000000000000003       0.69571448595800300        10.000000000000000     
  0.66500000000000004       0.70581775397596969        10.000000000000000     
  0.67000000000000004       0.71567577199393606        10.000000000000000     
  0.67500000000000004       0.72528854001190279        10.000000000000000     
  0.68000000000000005       0.73465605802986922        10.000000000000000     
  0.68500000000000005       0.74377832604783600        10.000000000000000     
  0.69000000000000006       0.75265534406580248        10.000000000000000     
  0.69500000000000006       0.76128711208376931        10.000000000000000     
  0.70000000000000007       0.76967363010173584        10.000000000000000     
  0.70500000000000007       0.77781489811970272        10.000000000000000     
  0.71000000000000008       0.78571091613766930        10.000000000000000     
  0.71500000000000008       0.79336168415563624        10.000000000000000     
  0.72000000000000008       0.80076720217360287        10.000000000000000     
  0.72500000000000009       0.80792747019156985        10.000000000000000     
  0.72999999999999998       0.81484248820953653        10.000000000000000     
  0.73499999999999999       0.82151225622750357        10.000000000000000     
  0.73999999999999999       0.82793677424547030        10.000000000000000     
  0.74500000000000000       0.83411604226343738        10.000000000000000     
  0.75000000000000000       0.84005006028140417        10.000000000000000     
  0.75500000000000000       0.84573882829937130        10.000000000000000     
  0.76000000000000001       0.85118234631733813        10.000000000000000     
  0.76500000000000001       0.85638061433530532        10.000000000000000     
  0.77000000000000002       0.86133363235327220        10.000000000000000     
  0.77500000000000002       0.86604140037123944        10.000000000000000     
  0.78000000000000003       0.87050391838920638        10.000000000000000     
  0.78500000000000003       0.87472118640717356        10.000000000000000     
  0.79000000000000004       0.87869320442514054        10.000000000000000     
  0.79500000000000004       0.88241997244310766        10.000000000000000     
  0.80000000000000004       0.88590149046107469        10.000000000000000     
  0.80500000000000005       0.88913775847904175        10.000000000000000     
  0.81000000000000005       0.89212877649700884        10.000000000000000     
  0.81500000000000006       0.89487454451497583        10.000000000000000     
  0.82000000000000006       0.89737506253294297        10.000000000000000     
  0.82500000000000007       0.89963033055090991        10.000000000000000     
  0.83000000000000007       0.90164034856887709        10.000000000000000     
  0.83500000000000008       0.90340511658684397        10.000000000000000     
  0.84000000000000008       0.90492463460481110        10.000000000000000     
  0.84500000000000008       0.90619890262277802        10.000000000000000     
  0.85000000000000009       0.90722792064074509        10.000000000000000     
  0.85500000000000009       0.90801168865871207        10.000000000000000     
  0.85999999999999999       0.90855020667667907        10.000000000000000     
  0.86499999999999999       0.90884347469464610        10.000000000000000     
  0.87000000000000000       0.90889149271261305        10.000000000000000     
  0.87500000000000000       0.90869426073058013        10.000000000000000     
  0.88000000000000000       0.90825177874854712        10.000000000000000     
  0.88500000000000001       0.90756404676651425        10.000000000000000     
  0.89000000000000001       0.90663106478448119        10.000000000000000     
  0.89500000000000002       0.90545283280244826        10.000000000000000     
  0.90000000000000002       0.90402935082041525        10.000000000000000     
  0.90500000000000003       0.90236061883838226        10.000000000000000     
  0.91000000000000003       0.90044663685634929        10.000000000000000     
  0.91500000000000004       0.89828740487431624        10.000000000000000     
  0.92000000000000004       0.89588292289228333        10.000000000000000     
  0.92500000000000004       0.89323319091025022        10.000000000000000     
  0.93000000000000005       0.89033820892821736        10.000000000000000     
  0.93500000000000005       0.88719797694618419        10.000000000000000     
  0.94000000000000006       0.88381249496415137        10.000000000000000     
  0.94500000000000006       0.88018176298211814        10.000000000000000     
  0.95000000000000007       0.87630578100008527        10.000000000000000     
  0.95500000000000007       0.87218454901805209        10.000000000000000     
  0.96000000000000008       0.86781806703601916        10.000000000000000     
  0.96500000000000008       0.86320633505398603        10.000000000000000     
  0.97000000000000008       0.85834935307195304        10.000000000000000     
  0.97500000000000009       0.85324712108991996        10.000000000000000     
  0.98000000000000009       0.84789963910788702        10.000000000000000     
  0.98500000000000010       0.84230690712585399        10.000000000000000     
  0.99000000000000010       0.83646892514382110        10.000000000000000     
  0.99500000000000000       0.83038569316178812        10.000000000000000     
   1.0000000000000000       0.82405721117975528        10.000000000000000     
   1.0050000000000001       0.81748347919772235        10.000000000000000     
   1.0100000000000000       0.81066449721568956        10.000000000000000     
   1.0150000000000001       0.80360026523365669        10.000000000000000     
   1.0200000000000000       0.79629078325162395        10.000000000000000     
   1.0250000000000001       0.78873605126959112        10.000000000000000     
   1.0300000000000000       0.78093606928755843        10.000000000000000     
   1.0350000000000001       0.77289083730552566        10.000000000000000     
   1.0400000000000000       0.76460035532349302        10.000000000000000     
   1.0450000000000002       0.75606462334146030        10.000000000000000     
   1.0500000000000000       0.74728364135942771        10.000000000000000     
   1.0550000000000002       0.73825740937739504        10.000000000000000     
   1.0600000000000001       0.72898592739536250        10.000000000000000     
   1.0649999999999999       0.71946919541332988        10.000000000000000     
   1.0700000000000001       0.70970721343129739        10.000000000000000     
   1.0750000000000000       0.69969998144926482        10.000000000000000     
   1.0800000000000001       0.68944749946723238        10.000000000000000     
   1.0850000000000000       0.67894976748519986        10.000000000000000     
   1.0900000000000001       0.66820678550316748        10.000000000000000     
   1.0950000000000000       0.65721855352113501        10.000000000000000     
   1.1000000000000001       0.64598507153910267        10.000000000000000     
   1.1050000000000000       0.63450633955707025        10.000000000000000     
   1.1100000000000001       0.62278235757503797        10.000000000000000     
   1.1150000000000000       0.61081312559300560        10.000000000000000     
   1.1200000000000001       0.59859864361097337        10.000000000000000     
   1.1250000000000000       0.58613891162894105        10.000000000000000     
   1.1300000000000001       0.57343392964690887        10.000000000000000     
   1.1350000000000000       0.56048369766487660        10.000000000000000     
   1.1400000000000001       0.54728821568284447        10.000000000000000     
   1.1450000000000000       0.53384748370081225        10.000000000000000     
   1.1500000000000001       0.52016150171878017        10.000000000000000     
   1.1550000000000000       0.50623026973674801        10.000000000000000     
   1.1600000000000001       0.49205378775471614        10.000000000000000     
   1.1650000000000000       0.47763205577268408        10.000000000000000     
   1.1700000000000002       0.46296507379065205        10.000000000000000     
   1.1750000000000000       0.44805284180862004        10.000000000000000     
   1.1800000000000002       0.43289535982658806        10.000000000000000     
   1.1850000000000001       0.41749262784455610        10.000000000000000     
   1.1899999999999999       0.40184464586252416        10.000000000000000     
   1.1950000000000001       0.38595141388049226        10.000000000000000     
   1.2000000000000000       0.36981293189846037        10.000000000000000     
   1.2050000000000001       0.35342919991642852        10.000000000000000     
   1.2100000000000000       0.33680021793439668        10.000000000000000     
   1.2150000000000001       0.31992598595236488        10.000000000000000     
   1.2200000000000000       0.30280650397033310        10.000000000000000     
   1.2250000000000001       0.28544177198830134        10.000000000000000     
   1.2300000000000000       0.26783179000626961        10.000000000000000     
   1.2350000000000001       0.24997655802423790        10.000000000000000     
   1.2400000000000000       0.23187607604220625        10.000000000000000     
   1.2450000000000001       0.21353034406017463        10.000000000000000     
   1.2500000000000000       0.19493936207814302        10.000000000000000     
   1.2550000000000001       0.17610313009611145        10.000000000000000     
   1.2600000000000000       0.15702164811407990        10.000000000000000     
   1.2650000000000001       0.13769491613204837        10.000000000000000     
   1.2700000000000000       0.11812293415001686        10.000000000000000     
   1.2750000000000001        9.8305702167985357E-002   10.000000000000000     
   1.2800000000000000        7.8243220185953852E-002   10.000000000000000     
   1.2850000000000001        5.7935488203922282E-002   10.000000000000000     
   1.2900000000000000        3.9422643873840091E-002   10.000000000000000     
   1.2950000000000002        4.2871046417507004E-002   10.000000000000000     
   1.3000000000000000        6.1977498376852180E-002   10.000000000000000     
   1.3050000000000002        8.1220281010486617E-002   10.000000000000000     
   1.3100000000000001       0.10021781364412108        10.000000000000000     
   1.3150000000000002       0.11897009627775557        10.000000000000000     
   1.3200000000000001       0.13747712891139011        10.000000000000000     
   1.3250000000000000       0.15573891154502467        10.000000000000000     
   1.3300000000000001       0.17375544417865926        10.000000000000000     
   1.3350000000000000       0.19152672681229388        10.000000000000000     
   1.3400000000000001       0.20905275944592852        10.000000000000000     
   1.3450000000000000       0.22633354207956319        10.000000000000000     
   1.3500000000000001       0.24336907471319788        10.000000000000000     
   1.3550000000000000       0.26015935734683254        10.000000000000000     
   1.3600000000000001       0.27670438998046726        10.000000000000000     
   1.3650000000000000       0.29300417261410200        10.000000000000000     
   1.3700000000000001       0.30905870524773676        10.000000000000000     
   1.3750000000000000       0.32486798788137156        10.000000000000000     
   1.3800000000000001       0.34043202051500637        10.000000000000000     
   1.3850000000000000       0.35575080314864121        10.000000000000000     
   1.3900000000000001       0.37082433578227608        10.000000000000000     
   1.3950000000000000       0.38565261841591097        10.000000000000000     
   1.4000000000000001       0.40023565104954589        10.000000000000000     
   1.4050000000000000       0.41457343368318084        10.000000000000000     
   1.4100000000000001       0.42866596631681581        10.000000000000000     
   1.4150000000000000       0.44251324895045080        10.000000000000000     
   1.4200000000000002       0.45611528158408582        10.000000000000000     
   1.4250000000000000       0.46947206421772086        10.000000000000000     
   1.4300000000000002       0.48258359685135593        10.000000000000000     
   1.4350000000000001       0.49544987948499103        10.000000000000000     
   1.4400000000000002       0.50807091211862621        10.000000000000000     
   1.4450000000000001       0.52044669475226135        10.000000000000000     
   1.4500000000000002       0.53257722738589652        10.000000000000000     
   1.4550000000000001       0.54446251001953172        10.000000000000000     
   1.4600000000000000       0.55610254265316694        10.000000000000000     
   1.4650000000000001       0.56749732528680219        10.000000000000000     
   1.4700000000000000       0.57864685792043746        10.000000000000000     
   1.4750000000000001       0.58955114055407276        10.000000000000000     
   1.4800000000000000       0.60021017318770808        10.000000000000000     
   1.4850000000000001       0.61062395582134343        10.000000000000000     
   1.4900000000000000       0.62079248845497881        10.000000000000000     
   1.4950000000000001       0.63071577108861421        10.000000000000000     
   1.5000000000000000       0.64039380372224963        10.000000000000000     
   1.5050000000000001       0.64982658635588508        10.000000000000000     
   1.5100000000000000       0.65901411898952056        10.000000000000000     
   1.5150000000000001       0.66795640162315606        10.000000000000000     
   1.5200000000000000       0.67665343425679159        10.000000000000000     
   1.5250000000000001       0.68510521689042714        10.000000000000000     
   1.5300000000000000       0.69331174952406271        10.000000000000000     
   1.5350000000000001       0.70127303215769832        10.000000000000000     
   1.5400000000000000       0.70898906479133394        10.000000000000000     
   1.5450000000000002       0.71645984742496960        10.000000000000000     
   1.5500000000000000       0.72368538005860528        10.000000000000000     
   1.5550000000000002       0.73066566269224098        10.000000000000000     
   1.5600000000000001       0.73740069532587671        10.000000000000000     
   1.5650000000000002       0.74389047795951246        10.000000000000000     
   1.5700000000000001       0.75013501059314824        10.000000000000000     
   1.5750000000000002       0.75613429322678405        10.000000000000000     
   1.5800000000000001       0.76188832586041988        10.000000000000000     
   1.5850000000000002       0.76739710849405574        10.000000000000000     
   1.5900000000000001       0.77266064112769162        10.000000000000000     
   1.5950000000000000       0.77767892376132752        10.000000000000000     
   1.6000000000000001       0.78245195639496345        10.000000000000000     
   1.6050000000000000       0.78697973902859930        10.000000000000000     
   1.6100000000000001       0.79126227166223528        10.000000000000000     
   1.6150000000000000       0.79529955429587107        10.000000000000000     
   1.6200000000000001       0.79909158692950710        10.000000000000000     
   1.6250000000000000       0.80263836956314283        10.000000000000000     
   1.6300000000000001       0.80593990219677891        10.000000000000000     
   1.6350000000000000       0.80899618483041458        10.000000000000000     
   1.6400000000000001       0.81180721746405071        10.000000000000000     
   1.6450000000000000       0.81437300009768632        10.000000000000000     
   1.6500000000000001       0.81669353273132239        10.000000000000000     
   1.6550000000000000       0.81876881536495805        10.000000000000000     
   1.6600000000000001       0.82059884799859417        10.000000000000000     
   1.6650000000000000       0.82218363063222988        10.000000000000000     
   1.6700000000000002       0.82352316326586594        10.000000000000000     
   1.6750000000000000       0.82461744589950170        10.000000000000000     
   1.6800000000000002       0.82546647853313770        10.000000000000000     
   1.6850000000000001       0.82607026116677351        10.000000000000000     
   1.6900000000000002       0.82642879380040946        10.000000000000000     
   1.6950000000000001       0.82654207643404531        10.000000000000000     
   1.7000000000000002       0.82641010906768120        10.000000000000000     
   1.7050000000000001       0.82603289170131711        10.000000000000000     
   1.7100000000000002       0.82541042433495293        10.000000000000000     
   1.7150000000000001       0.82454270696858878        10.000000000000000     
   1.7200000000000000       0.82342973960222465        10.000000000000000     
   1.7250000000000001       0.82207152223586044        10.000000000000000     
   1.7300000000000000       0.82046805486949637        10.000000000000000     
   1.7350000000000001       0.81861933750313209        10.000000000000000     
   1.7400000000000000       0.81652537013676807        10.000000000000000     
   1.7450000000000001       0.81418615277040374        10.000000000000000     
   1.7500000000000000       0.81160168540403976        10.000000000000000     
   1.7550000000000001       0.80877196803767548        10.000000000000000     
   1.7600000000000000       0.80569700067131156        10.000000000000000     
   1.7650000000000001       0.80237678330494722        10.000000000000000     
   1.7700000000000000       0.79881131593858323        10.000000000000000     
   1.7750000000000001       0.79500059857221894        10.000000000000000     
   1.7800000000000000       0.79094463120585490        10.000000000000000     
   1.7850000000000001       0.78664341383949066        10.000000000000000     
   1.7900000000000000       0.78209694647312655        10.000000000000000     
   1.7950000000000002       0.77730522910676236        10.000000000000000     
   1.8000000000000000       0.77226826174039820        10.000000000000000     
   1.8050000000000002       0.76698604437403406        10.000000000000000     
   1.8100000000000001       0.76145857700766995        10.000000000000000     
   1.8150000000000002       0.75568585964130586        10.000000000000000     
   1.8200000000000001       0.74966789227494179        10.000000000000000     
   1.8250000000000002       0.74340467490857776        10.000000000000000     
   1.8300000000000001       0.73689620754221374        10.000000000000000     
   1.8350000000000002       0.73014249017584976        10.000000000000000     
   1.8400000000000001       0.72314352280948579        10.000000000000000     
   1.8450000000000002       0.71589930544312186        10.000000000000000     
   1.8500000000000001       0.70840983807675795        10.000000000000000     
   1.8550000000000000       0.70067512071039406        10.000000000000000     
   1.8600000000000001       0.69269515334403020        10.000000000000000     
   1.8650000000000000       0.68446993597766637        10.000000000000000     
   1.8700000000000001       0.67599946861130256        10.000000000000000     
   1.8750000000000000       0.66728375124493877        10.000000000000000     
   1.8800000000000001       0.65832278387857501        10.000000000000000     
   1.8850000000000000       0.64911656651221128        10.000000000000000     
   1.8900000000000001       0.63966509914584757        10.000000000000000     
   1.8950000000000000       0.62996838177948389        10.000000000000000     
   1.9000000000000001       0.62002641441312023        10.000000000000000     
   1.9050000000000000       0.60983919704675660        10.000000000000000     
   1.9100000000000001       0.59940672968039299        10.000000000000000     
   1.9150000000000000       0.58872901231402941        10.000000000000000     
   1.9200000000000002       0.57780604494766585        10.000000000000000     
   1.9250000000000000       0.56663782758130232        10.000000000000000     
   1.9300000000000002       0.55522436021493882        10.000000000000000     
   1.9350000000000001       0.54356564284857534        10.000000000000000     
   1.9400000000000002       0.53166167548221188        10.000000000000000     
   1.9450000000000001       0.51951245811584845        10.000000000000000     
   1.9500000000000002       0.50711799074948505        10.000000000000000     
   1.9550000000000001       0.49447827338312167        10.000000000000000     
   1.9600000000000002       0.48159330601675832        10.000000000000000     
   1.9650000000000001       0.46846308865039499        10.000000000000000     
   1.9700000000000002       0.45508762128403168        10.000000000000000     
   1.9750000000000001       0.44146690391766841        10.000000000000000     
   1.9800000000000002       0.42760093655130516        10.000000000000000     
   1.9850000000000001       0.41348971918494193        10.000000000000000     
   1.9900000000000000       0.39913325181857873        10.000000000000000     
   1.9950000000000001       0.38453153445221555        10.000000000000000     
   2.0000000000000000       0.36968456708585240        10.000000000000000     
   5.0000000000000001E-003  0.99987492249999999        50.000000000000000     
   1.0000000000000000E-002  0.99950459500000000        50.000000000000000     
   1.5000000000000001E-002  0.99888901749999992        50.000000000000000     
   2.0000000000000000E-002  0.99802818999999998        50.000000000000000     
   2.5000000000000001E-002  0.99692211249999985        50.000000000000000     
   3.0000000000000002E-002  0.99557078499999996        50.000000000000000     
   3.5000000000000003E-002  0.99397420749999976        50.000000000000000     
   4.0000000000000001E-002  0.99213237999999992        50.000000000000000     
   4.5000000000000005E-002  0.99004530249999967        50.000000000000000     
   5.0000000000000003E-002  0.98771297499999988        50.000000000000000     
   5.5000000000000000E-002  0.98513539749999968        50.000000000000000     
   6.0000000000000005E-002  0.98231256999999994        50.000000000000000     
   6.5000000000000002E-002  0.97924449249999967        50.000000000000000     
   7.0000000000000007E-002  0.97593116499999988        50.000000000000000     
   7.4999999999999997E-002  0.97237258749999966        50.000000000000000     
   8.0000000000000002E-002  0.96856875999999981        50.000000000000000     
   8.5000000000000006E-002  0.96451968249999964        50.000000000000000     
   9.0000000000000011E-002  0.96022535499999973        50.000000000000000     
   9.5000000000000001E-002  0.95568577749999961        50.000000000000000     
  0.10000000000000001       0.95090094999999963        50.000000000000000     
  0.10500000000000001       0.94587087249999957        50.000000000000000     
  0.11000000000000000       0.94059554499999953        50.000000000000000     
  0.11500000000000000       0.93507496749999952        50.000000000000000     
  0.12000000000000001       0.92930913999999953        50.000000000000000     
  0.12500000000000000       0.92329806249999957        50.000000000000000     
  0.13000000000000000       0.91704173499999964        50.000000000000000     
  0.13500000000000001       0.91054015749999972        50.000000000000000     
  0.14000000000000001       0.90379332999999984        50.000000000000000     
  0.14500000000000002       0.89680125249999998        50.000000000000000     
  0.14999999999999999       0.88956392500000014        50.000000000000000     
  0.15500000000000000       0.88208134750000033        50.000000000000000     
  0.16000000000000000       0.87435352000000055        50.000000000000000     
  0.16500000000000001       0.86638044250000079        50.000000000000000     
  0.17000000000000001       0.85816211500000106        50.000000000000000     
  0.17500000000000002       0.84969853750000135        50.000000000000000     
  0.18000000000000002       0.84098971000000167        50.000000000000000     
  0.18500000000000000       0.83203563250000201        50.000000000000000     
  0.19000000000000000       0.82283630500000238        50.000000000000000     
  0.19500000000000001       0.81339172750000277        50.000000000000000     
  0.20000000000000001       0.80370190000000319        50.000000000000000     
  0.20500000000000002       0.79376682250000363        50.000000000000000     
  0.21000000000000002       0.78358649500000410        50.000000000000000     
  0.21500000000000000       0.77316091750000460        50.000000000000000     
  0.22000000000000000       0.76249009000000512        50.000000000000000     
  0.22500000000000001       0.75157401250000566        50.000000000000000     
  0.23000000000000001       0.74041268500000623        50.000000000000000     
  0.23500000000000001       0.72900610750000683        50.000000000000000     
  0.24000000000000002       0.71735428000000745        50.000000000000000     
  0.24500000000000002       0.70545720250000810        50.000000000000000     
  0.25000000000000000       0.69331487500000877        50.000000000000000     
  0.25500000000000000       0.68092729750000947        50.000000000000000     
  0.26000000000000001       0.66829447000001019        50.000000000000000     
  0.26500000000000001       0.65541639250001094        50.000000000000000     
  0.27000000000000002       0.64229306500001171        50.000000000000000     
  0.27500000000000002       0.62892448750001251        50.000000000000000     
  0.28000000000000003       0.61531066000001333        50.000000000000000     
  0.28500000000000003       0.60145158250001418        50.000000000000000     
  0.29000000000000004       0.58734725500001506        50.000000000000000     
  0.29500000000000004       0.57299767750001596        50.000000000000000     
  0.29999999999999999       0.55840285000001688        50.000000000000000     
  0.30499999999999999       0.54356277250001783        50.000000000000000     
  0.31000000000000000       0.52847744500001881        50.000000000000000     
  0.31500000000000000       0.51314686750001981        50.000000000000000     
  0.32000000000000001       0.49757104000002084        50.000000000000000     
  0.32500000000000001       0.48174996250002189        50.000000000000000     
  0.33000000000000002       0.46568363500002297        50.000000000000000     
  0.33500000000000002       0.44937205750002407        50.000000000000000     
  0.34000000000000002       0.43281523000002520        50.000000000000000     
  0.34500000000000003       0.41601315250002635        50.000000000000000     
  0.35000000000000003       0.39896582500002753        50.000000000000000     
  0.35500000000000004       0.38167324750002873        50.000000000000000     
  0.36000000000000004       0.36413542000002996        50.000000000000000     
  0.36499999999999999       0.34635234250003122        50.000000000000000     
  0.37000000000000000       0.32832401500003250        50.000000000000000     
  0.37500000000000000       0.31005043750003380        50.000000000000000     
  0.38000000000000000       0.29153161000003514        50.000000000000000     
  0.38500000000000001       0.27276753250003649        50.000000000000000     
  0.39000000000000001       0.25375820500003787        50.000000000000000     
  0.39500000000000002       0.23450362750003931        50.000000000000000     
  0.40000000000000002       0.21500380000004077        50.000000000000000     
  0.40500000000000003       0.19525872250004225        50.000000000000000     
  0.41000000000000003       0.17526839500004374        50.000000000000000     
  0.41500000000000004       0.15503281750004516        50.000000000000000     
  0.42000000000000004       0.13455199000004650        50.000000000000000     
  0.42500000000000004       0.11382591250004775        50.000000000000000     
  0.42999999999999999        9.2854585000048923E-002   50.000000000000000     
  0.43500000000000000        7.1638007500050005E-002   50.000000000000000     
  0.44000000000000000        5.0176180000051002E-002   50.000000000000000     
  0.44500000000000001        3.7824187335075359E-002   50.000000000000000     
  0.45000000000000001        4.9846614108890630E-002   50.000000000000000     
  0.45500000000000002        6.6507212694888518E-002   50.000000000000000     
  0.46000000000000002        8.2922561280886431E-002   50.000000000000000     
  0.46500000000000002        9.9092659866884369E-002   50.000000000000000     
  0.47000000000000003       0.11501750845288233        50.000000000000000     
  0.47500000000000003       0.13069710703888029        50.000000000000000     
  0.48000000000000004       0.14613145562487831        50.000000000000000     
  0.48500000000000004       0.16132055421087635        50.000000000000000     
  0.49000000000000005       0.17626440279687441        50.000000000000000     
  0.49500000000000005       0.19096300138287250        50.000000000000000     
  0.50000000000000000       0.20541634996887062        50.000000000000000     
  0.50500000000000000       0.21962444855486876        50.000000000000000     
  0.51000000000000001       0.23358729714086693        50.000000000000000     
  0.51500000000000001       0.24730489572686512        50.000000000000000     
  0.52000000000000002       0.26077724431286337        50.000000000000000     
  0.52500000000000002       0.27400434289886161        50.000000000000000     
  0.53000000000000003       0.28698619148485988        50.000000000000000     
  0.53500000000000003       0.29972279007085817        50.000000000000000     
  0.54000000000000004       0.31221413865685649        50.000000000000000     
  0.54500000000000004       0.32446023724285483        50.000000000000000     
  0.55000000000000004       0.33646108582885320        50.000000000000000     
  0.55500000000000005       0.34821668441485160        50.000000000000000     
  0.56000000000000005       0.35972703300085002        50.000000000000000     
  0.56500000000000006       0.37099213158684846        50.000000000000000     
  0.57000000000000006       0.38201198017284693        50.000000000000000     
  0.57500000000000007       0.39278657875884543        50.000000000000000     
  0.58000000000000007       0.40331592734484395        50.000000000000000     
  0.58500000000000008       0.41360002593084250        50.000000000000000     
  0.59000000000000008       0.42363887451684107        50.000000000000000     
  0.59499999999999997       0.43343247310283967        50.000000000000000     
  0.59999999999999998       0.44298082168883829        50.000000000000000     
  0.60499999999999998       0.45228392027483694        50.000000000000000     
  0.60999999999999999       0.46134176886083561        50.000000000000000     
  0.61499999999999999       0.47015436744683431        50.000000000000000     
  0.62000000000000000       0.47872171603283303        50.000000000000000     
  0.62500000000000000       0.48704381461883178        50.000000000000000     
  0.63000000000000000       0.49512066320483056        50.000000000000000     
  0.63500000000000001       0.50295226179082930        50.000000000000000     
  0.64000000000000001       0.51053861037682802        50.000000000000000     
  0.64500000000000002       0.51787970896282698        50.000000000000000     
  0.65000000000000002       0.52497555754882574        50.000000000000000     
  0.65500000000000003       0.53182615613482476        50.000000000000000     
  0.66000000000000003       0.53843150472082357        50.000000000000000     
  0.66500000000000004       0.54479160330682264        50.000000000000000     
  0.67000000000000004       0.55090645189282150        50.000000000000000     
  0.67500000000000004       0.55677605047882062        50.000000000000000     
  0.68000000000000005       0.56240039906481953        50.000000000000000     
  0.68500000000000005       0.56777949765081870        50.000000000000000     
  0.69000000000000006       0.57291334623681767        50.000000000000000     
  0.69500000000000006       0.57780194482281688        50.000000000000000     
  0.70000000000000007       0.58244529340881579        50.000000000000000     
  0.70500000000000007       0.58684339199481506        50.000000000000000     
  0.71000000000000008       0.59099624058081390        50.000000000000000     
  0.71500000000000008       0.59490383916681322        50.000000000000000     
  0.72000000000000008       0.59856618775281201        50.000000000000000     
  0.72500000000000009       0.60198328633881137        50.000000000000000     
  0.72999999999999998       0.60515513492481021        50.000000000000000     
  0.73499999999999999       0.60808173351080952        50.000000000000000     
  0.73999999999999999       0.61076308209680841        50.000000000000000     
  0.74500000000000000       0.61319918068280765        50.000000000000000     
  0.75000000000000000       0.61539002926880659        50.000000000000000     
  0.75500000000000000       0.61733562785480578        50.000000000000000     
  0.76000000000000001       0.61903597644080477        50.000000000000000     
  0.76500000000000001       0.62049107502680390        50.000000000000000     
  0.77000000000000002       0.62170092361280294        50.000000000000000     
  0.77500000000000002       0.62266552219880200        50.000000000000000     
  0.78000000000000003       0.62338487078480109        50.000000000000000     
  0.78500000000000003       0.62385896937080010        50.000000000000000     
  0.79000000000000004       0.62408781795679913        50.000000000000000     
  0.79500000000000004       0.62407141654279819        50.000000000000000     
  0.80000000000000004       0.62380976512879716        50.000000000000000     
  0.80500000000000005       0.62330286371479626        50.000000000000000     
  0.81000000000000005       0.62255071230079528        50.000000000000000     
  0.81500000000000006       0.62155331088679444        50.000000000000000     
  0.82000000000000006       0.62031065947279340        50.000000000000000     
  0.82500000000000007       0.61882275805879261        50.000000000000000     
  0.83000000000000007       0.61708960664479151        50.000000000000000     
  0.83500000000000008       0.61511120523079077        50.000000000000000     
  0.84000000000000008       0.61288755381678961        50.000000000000000     
  0.84500000000000008       0.61041865240278881        50.000000000000000     
  0.85000000000000009       0.60770450098878770        50.000000000000000     
  0.85500000000000009       0.60474509957478684        50.000000000000000     
  0.85999999999999999       0.60154044816078578        50.000000000000000     
  0.86499999999999999       0.59809054674678486        50.000000000000000     
  0.87000000000000000       0.59439539533278385        50.000000000000000     
  0.87500000000000000       0.59045499391878287        50.000000000000000     
  0.88000000000000000       0.58626934250478191        50.000000000000000     
  0.88500000000000001       0.58183844109078087        50.000000000000000     
  0.89000000000000001       0.57716228967677996        50.000000000000000     
  0.89500000000000002       0.57224088826277886        50.000000000000000     
  0.90000000000000002       0.56707423684877800        50.000000000000000     
  0.90500000000000003       0.56166233543477695        50.000000000000000     
  0.91000000000000003       0.55600518402077614        50.000000000000000     
  0.91500000000000004       0.55010278260677514        50.000000000000000     
  0.92000000000000004       0.54395513119277439        50.000000000000000     
  0.92500000000000004       0.53756222977877344        50.000000000000000     
  0.93000000000000005       0.53092407836477273        50.000000000000000     
  0.93500000000000005       0.52404067695077183        50.000000000000000     
  0.94000000000000006       0.51691202553677118        50.000000000000000     
  0.94500000000000006       0.50953812412277033        50.000000000000000     
  0.95000000000000007       0.50191897270876973        50.000000000000000     
  0.95500000000000007       0.49405457129476893        50.000000000000000     
  0.96000000000000008       0.48594491988076827        50.000000000000000     
  0.96500000000000008       0.47759001846676763        50.000000000000000     
  0.97000000000000008       0.46898986705276702        50.000000000000000     
  0.97500000000000009       0.46014446563876643        50.000000000000000     
  0.98000000000000009       0.45105381422476587        50.000000000000000     
  0.98500000000000010       0.44171791281076533        50.000000000000000     
  0.99000000000000010       0.43213676139676482        50.000000000000000     
  0.99500000000000000       0.42231035998276434        50.000000000000000     
   1.0000000000000000       0.41223870856876388        50.000000000000000     
   1.0050000000000001       0.40192180715476344        50.000000000000000     
   1.0100000000000000       0.39135965574076303        50.000000000000000     
   1.0150000000000001       0.38055225432676265        50.000000000000000     
   1.0200000000000000       0.36949960291276229        50.000000000000000     
   1.0250000000000001       0.35820170149876196        50.000000000000000     
   1.0300000000000000       0.34665855008476165        50.000000000000000     
   1.0350000000000001       0.33487014867076137        50.000000000000000     
   1.0400000000000000       0.32283649725676111        50.000000000000000     
   1.0450000000000002       0.31055759584276088        50.000000000000000     
   1.0500000000000000       0.29803344442876067        50.000000000000000     
   1.0550000000000002       0.28526404301476049        50.000000000000000     
   1.0600000000000001       0.27224939160076034        50.000000000000000     
   1.0649999999999999       0.25898949018676021        50.000000000000000     
   1.0700000000000001       0.24548433877276010        50.000000000000000     
   1.0750000000000000       0.23173393735875999        50.000000000000000     
   1.0800000000000001       0.21773828594475991        50.000000000000000     
   1.0850000000000000       0.20349738453075986        50.000000000000000     
   1.0900000000000001       0.18901123311675982        50.000000000000000     
   1.0950000000000000       0.17427983170275982        50.000000000000000     
   1.1000000000000001       0.15930318028875984        50.000000000000000     
   1.1050000000000000       0.14408127887475988        50.000000000000000     
   1.1100000000000001       0.12861412746075995        50.000000000000000     
   1.1150000000000000       0.11290172604676008        50.000000000000000     
   1.1200000000000001        9.6944074632760224E-002   50.000000000000000     
   1.1250000000000000        8.0741173218760398E-002   50.000000000000000     
   1.1300000000000001        6.4293021804760597E-002   50.000000000000000     
   1.1350000000000000        4.7665939263786004E-002   50.000000000000000     
   1.1400000000000001        4.0938684635175929E-002   50.000000000000000     
   1.1450000000000000        5.1800603599854805E-002   50.000000000000000     
   1.1500000000000001        6.4623310322805771E-002   50.000000000000000     
   1.1550000000000000        7.7200767045756763E-002   50.000000000000000     
   1.1600000000000001        8.9532973768707780E-002   50.000000000000000     
   1.1650000000000000       0.10161993049165882        50.000000000000000     
   1.1700000000000002       0.11346163721460989        50.000000000000000     
   1.1750000000000000       0.12505809393756098        50.000000000000000     
   1.1800000000000002       0.13640930066051210        50.000000000000000     
   1.1850000000000001       0.14751525738346324        50.000000000000000     
   1.1899999999999999       0.15837596410641441        50.000000000000000     
   1.1950000000000001       0.16899142082936561        50.000000000000000     
   1.2000000000000000       0.17936162755231683        50.000000000000000     
   1.2050000000000001       0.18948658427526807        50.000000000000000     
   1.2100000000000000       0.19936629099821934        50.000000000000000     
   1.2150000000000001       0.20900074772117064        50.000000000000000     
   1.2200000000000000       0.21838995444412196        50.000000000000000     
   1.2250000000000001       0.22753391116707330        50.000000000000000     
   1.2300000000000000       0.23643261789002468        50.000000000000000     
   1.2350000000000001       0.24508607461297607        50.000000000000000     
   1.2400000000000000       0.25349428133592744        50.000000000000000     
   1.2450000000000001       0.26165723805887886        50.000000000000000     
   1.2500000000000000       0.26957494478183031        50.000000000000000     
   1.2550000000000001       0.27724740150478178        50.000000000000000     
   1.2600000000000000       0.28467460822773327        50.000000000000000     
   1.2650000000000001       0.29185656495068479        50.000000000000000     
   1.2700000000000000       0.29879327167363634        50.000000000000000     
   1.2750000000000001       0.30548472839658791        50.000000000000000     
   1.2800000000000000       0.31193093511953951        50.000000000000000     
   1.2850000000000001       0.31813189184249113        50.000000000000000     
   1.2900000000000000       0.32408759856544278        50.000000000000000     
   1.2950000000000002       0.32979805528839445        50.000000000000000     
   1.3000000000000000       0.33526326201134615        50.000000000000000     
   1.3050000000000002       0.34048321873429788        50.000000000000000     
   1.3100000000000001       0.34545792545724963        50.000000000000000     
   1.3150000000000002       0.35018738218020140        50.000000000000000     
   1.3200000000000001       0.35467158890315315        50.000000000000000     
   1.3250000000000000       0.35891054562610492        50.000000000000000     
   1.3300000000000001       0.36290425234905671        50.000000000000000     
   1.3350000000000000       0.36665270907200848        50.000000000000000     
   1.3400000000000001       0.37015591579496021        50.000000000000000     
   1.3450000000000000       0.37341387251791197        50.000000000000000     
   1.3500000000000001       0.37642657924086370        50.000000000000000     
   1.3550000000000000       0.37919403596381546        50.000000000000000     
   1.3600000000000001       0.38171624268676718        50.000000000000000     
   1.3650000000000000       0.38399319940971893        50.000000000000000     
   1.3700000000000001       0.38602490613267065        50.000000000000000     
   1.3750000000000000       0.38781136285562240        50.000000000000000     
   1.3800000000000001       0.38935256957857411        50.000000000000000     
   1.3850000000000000       0.39064852630152586        50.000000000000000     
   1.3900000000000001       0.39169923302447762        50.000000000000000     
   1.3950000000000000       0.39250468974742936        50.000000000000000     
   1.4000000000000001       0.39306489647038106        50.000000000000000     
   1.4050000000000000       0.39337985319333280        50.000000000000000     
   1.4100000000000001       0.39344955991628450        50.000000000000000     
   1.4150000000000000       0.39327401663923622        50.000000000000000     
   1.4200000000000002       0.39285322336218798        50.000000000000000     
   1.4250000000000000       0.39218718008513970        50.000000000000000     
   1.4300000000000002       0.39127588680809144        50.000000000000000     
   1.4350000000000001       0.39011934353104316        50.000000000000000     
   1.4400000000000002       0.38871755025399490        50.000000000000000     
   1.4450000000000001       0.38707050697694662        50.000000000000000     
   1.4500000000000002       0.38517821369989830        50.000000000000000     
   1.4550000000000001       0.38304067042285000        50.000000000000000     
   1.4600000000000000       0.38065787714580168        50.000000000000000     
   1.4650000000000001       0.37802983386875338        50.000000000000000     
   1.4700000000000000       0.37515654059170511        50.000000000000000     
   1.4750000000000001       0.37203799731465681        50.000000000000000     
   1.4800000000000000       0.36867420403760853        50.000000000000000     
   1.4850000000000001       0.36506516076056023        50.000000000000000     
   1.4900000000000000       0.36121086748351194        50.000000000000000     
   1.4950000000000001       0.35711132420646363        50.000000000000000     
   1.5000000000000000       0.35276653092941535        50.000000000000000     
   1.5050000000000001       0.34817648765236703        50.000000000000000     
   1.5100000000000000       0.34334119437531868        50.000000000000000     
   1.5150000000000001       0.33826065109827036        50.000000000000000     
   1.5200000000000000       0.33293485782122206        50.000000000000000     
   1.5250000000000001       0.32736381454417379        50.000000000000000     
   1.5300000000000000       0.32154752126712555        50.000000000000000     
   1.5350000000000001       0.31548597799007733        50.000000000000000     
   1.5400000000000000       0.30917918471302913        50.000000000000000     
   1.5450000000000002       0.30262714143598096        50.000000000000000     
   1.5500000000000000       0.29582984815893282        50.000000000000000     
   1.5550000000000002       0.28878730488188470        50.000000000000000     
   1.5600000000000001       0.28149951160483661        50.000000000000000     
   1.5650000000000002       0.27396646832778854        50.000000000000000     
   1.5700000000000001       0.26618817505074049        50.000000000000000     
   1.5750000000000002       0.25816463177369248        50.000000000000000     
   1.5800000000000001       0.24989583849664448        50.000000000000000     
   1.5850000000000002       0.24138179521959655        50.000000000000000     
   1.5900000000000001       0.23262250194254863        50.000000000000000     
   1.5950000000000000       0.22361795866550074        50.000000000000000     
   1.6000000000000001       0.21436816538845288        50.000000000000000     
   1.6050000000000000       0.20487312211140504        50.000000000000000     
   1.6100000000000001       0.19513282883435723        50.000000000000000     
   1.6150000000000000       0.18514728555730944        50.000000000000000     
   1.6200000000000001       0.17491649228026168        50.000000000000000     
   1.6250000000000000       0.16444044900321395        50.000000000000000     
   1.6300000000000001       0.15371915572616623        50.000000000000000     
   1.6350000000000000       0.14275261244911855        50.000000000000000     
   1.6400000000000001       0.13154081917207089        50.000000000000000     
   1.6450000000000000       0.12008377589502324        50.000000000000000     
   1.6500000000000001       0.10838148261797560        50.000000000000000     
   1.6550000000000000        9.6433939340927990E-002   50.000000000000000     
   1.6600000000000001        8.4241146063880404E-002   50.000000000000000     
   1.6650000000000000        7.1803102786832843E-002   50.000000000000000     
   1.6700000000000002        5.9119809509785314E-002   50.000000000000000     
   1.6750000000000000        4.6454572359451128E-002   50.000000000000000     
   1.6800000000000002        4.3627567787075383E-002   50.000000000000000     
   1.6850000000000001        5.2863148909580202E-002   50.000000000000000     
   1.6900000000000002        6.2760082306855244E-002   50.000000000000000     
   1.6950000000000001        7.2411765704130313E-002   50.000000000000000     
   1.7000000000000002        8.1818199101405406E-002   50.000000000000000     
   1.7050000000000001        9.0979382498680525E-002   50.000000000000000     
   1.7100000000000002        9.9895315895955669E-002   50.000000000000000     
   1.7150000000000001       0.10856599929323084        50.000000000000000     
   1.7200000000000000       0.11699143269050603        50.000000000000000     
   1.7250000000000001       0.12517161608778124        50.000000000000000     
   1.7300000000000000       0.13310654948505646        50.000000000000000     
   1.7350000000000001       0.14079623288233170        50.000000000000000     
   1.7400000000000000       0.14824066627960697        50.000000000000000     
   1.7450000000000001       0.15543984967688226        50.000000000000000     
   1.7500000000000000       0.16239378307415758        50.000000000000000     
   1.7550000000000001       0.16910246647143293        50.000000000000000     
   1.7600000000000000       0.17556589986870830        50.000000000000000     
   1.7650000000000001       0.18178408326598369        50.000000000000000     
   1.7700000000000000       0.18775701666325911        50.000000000000000     
   1.7750000000000001       0.19348470006053456        50.000000000000000     
   1.7800000000000000       0.19896713345781003        50.000000000000000     
   1.7850000000000001       0.20420431685508553        50.000000000000000     
   1.7900000000000000       0.20919625025236105        50.000000000000000     
   1.7950000000000002       0.21394293364963660        50.000000000000000     
   1.8000000000000000       0.21844436704691214        50.000000000000000     
   1.8050000000000002       0.22270055044418768        50.000000000000000     
   1.8100000000000001       0.22671148384146320        50.000000000000000     
   1.8150000000000002       0.23047716723873873        50.000000000000000     
   1.8200000000000001       0.23399760063601427        50.000000000000000     
   1.8250000000000002       0.23727278403328980        50.000000000000000     
   1.8300000000000001       0.24030271743056533        50.000000000000000     
   1.8350000000000002       0.24308740082784086        50.000000000000000     
   1.8400000000000001       0.24562683422511636        50.000000000000000     
   1.8450000000000002       0.24792101762239188        50.000000000000000     
   1.8500000000000001       0.24996995101966740        50.000000000000000     
   1.8550000000000000       0.25177363441694289        50.000000000000000     
   1.8600000000000001       0.25333206781421841        50.000000000000000     
   1.8650000000000000       0.25464525121149395        50.000000000000000     
   1.8700000000000001       0.25571318460876946        50.000000000000000     
   1.8750000000000000       0.25653586800604494        50.000000000000000     
   1.8800000000000001       0.25711330140332045        50.000000000000000     
   1.8850000000000000       0.25744548480059593        50.000000000000000     
   1.8900000000000001       0.25753241819787143        50.000000000000000     
   1.8950000000000000       0.25737410159514690        50.000000000000000     
   1.9000000000000001       0.25697053499242239        50.000000000000000     
   1.9050000000000000       0.25632171838969792        50.000000000000000     
   1.9100000000000001       0.25542765178697341        50.000000000000000     
   1.9150000000000000       0.25428833518424893        50.000000000000000     
   1.9200000000000002       0.25290376858152441        50.000000000000000     
   1.9250000000000000       0.25127395197879993        50.000000000000000     
   1.9300000000000002       0.24939888537607541        50.000000000000000     
   1.9350000000000001       0.24727856877335089        50.000000000000000     
   1.9400000000000002       0.24491300217062639        50.000000000000000     
   1.9450000000000001       0.24230218556790187        50.000000000000000     
   1.9500000000000002       0.23944611896517734        50.000000000000000     
   1.9550000000000001       0.23634480236245281        50.000000000000000     
   1.9600000000000002       0.23299823575972831        50.000000000000000     
   1.9650000000000001       0.22940641915700377        50.000000000000000     
   1.9700000000000002       0.22556935255427926        50.000000000000000     
   1.9750000000000001       0.22148703595155472        50.000000000000000     
   1.9800000000000002       0.21715946934883018        50.000000000000000     
   1.9850000000000001       0.21258665274610564        50.000000000000000     
   1.9900000000000000       0.20776858614338112        50.000000000000000     
   1.9950000000000001       0.20270526954065657        50.000000000000000     
   2.0000000000000000       0.19739670293793204        50.000000000000000     
   5.0000000000000001E-003  0.99987492249999999        100.00000000000000     
   1.0000000000000000E-002  0.99950459500000000        100.00000000000000     
   1.5000000000000001E-002  0.99888901749999992        100.00000000000000     
   2.0000000000000000E-002  0.99802818999999998        100.00000000000000     
   2.5000000000000001E-002  0.99692211249999985        100.00000000000000     
   3.0000000000000002E-002  0.99557078499999996        100.00000000000000     
   3.5000000000000003E-002  0.99397420749999976        100.00000000000000     
   4.0000000000000001E-002  0.99213237999999992        100.00000000000000     
   4.5000000000000005E-002  0.99004530249999967        100.00000000000000     
   5.0000000000000003E-002  0.98771297499999988        100.00000000000000     
   5.5000000000000000E-002  0.98513539749999968        100.00000000000000     
   6.0000000000000005E-002  0.98231256999999994        100.00000000000000     
   6.5000000000000002E-002  0.97924449249999967        100.00000000000000     
   7.0000000000000007E-002  0.97593116499999988        100.00000000000000     
   7.4999999999999997E-002  0.97237258749999966        100.00000000000000     
   8.0000000000000002E-002  0.96856875999999981        100.00000000000000     
   8.5000000000000006E-002  0.96451968249999964        100.00000000000000     
   9.0000000000000011E-002  0.96022535499999973        100.00000000000000     
   9.5000000000000001E-002  0.95568577749999961        100.00000000000000     
  0.10000000000000001       0.95090094999999963        100.00000000000000     
  0.10500000000000001       0.94587087249999957        100.00000000000000     
  0.11000000000000000       0.94059554499999953        100.00000000000000     
  0.11500000000000000       0.93507496749999952        100.00000000000000     
  0.12000000000000001       0.92930913999999953        100.00000000000000     
  0.12500000000000000       0.92329806249999957        100.00000000000000     
  0.13000000000000000       0.91704173499999964        100.00000000000000     
  0.13500000000000001       0.91054015749999972        100.00000000000000     
  0.14000000000000001       0.90379332999999984        100.00000000000000     
  0.14500000000000002       0.89680125249999998        100.00000000000000     
  0.14999999999999999       0.88956392500000014        100.00000000000000     
  0.15500000000000000       0.88208134750000033        100.00000000000000     
  0.16000000000000000       0.87435352000000055        100.00000000000000     
  0.16500000000000001       0.86638044250000079        100.00000000000000     
  0.17000000000000001       0.85816211500000106        100.00000000000000     
  0.17500000000000002       0.84969853750000135        100.00000000000000     
  0.18000000000000002       0.84098971000000167        100.00000000000000     
  0.18500000000000000       0.83203563250000201        100.00000000000000     
  0.19000000000000000       0.82283630500000238        100.00000000000000     
  0.19500000000000001       0.81339172750000277        100.00000000000000     
  0.20000000000000001       0.80370190000000319        100.00000000000000     
  0.20500000000000002       0.79376682250000363        100.00000000000000     
  0.21000000000000002       0.78358649500000410        100.00000000000000     
  0.21500000000000000       0.77316091750000460        100.00000000000000     
  0.22000000000000000       0.76249009000000512        100.00000000000000     
  0.22500000000000001       0.75157401250000566        100.00000000000000     
  0.23000000000000001       0.74041268500000623        100.00000000000000     
  0.23500000000000001       0.72900610750000683        100.00000000000000     
  0.24000000000000002       0.71735428000000745        100.00000000000000     
  0.24500000000000002       0.70545720250000810        100.00000000000000     
  0.25000000000000000       0.69331487500000877        100.00000000000000     
  0.25500000000000000       0.68092729750000947        100.00000000000000     
  0.26000000000000001       0.66829447000001019        100.00000000000000     
  0.26500000000000001       0.65541639250001094        100.00000000000000     
  0.27000000000000002       0.64229306500001171        100.00000000000000     
  0.27500000000000002       0.62892448750001251        100.00000000000000     
  0.28000000000000003       0.61531066000001333        100.00000000000000     
  0.28500000000000003       0.60145158250001418        100.00000000000000     
  0.29000000000000004       0.58734725500001506        100.00000000000000     
  0.29500000000000004       0.57299767750001596        100.00000000000000     
  0.29999999999999999       0.55840285000001688        100.00000000000000     
  0.30499999999999999       0.54356277250001783        100.00000000000000     
  0.31000000000000000       0.52847744500001881        100.00000000000000     
  0.31500000000000000       0.51314686750001981        100.00000000000000     
  0.32000000000000001       0.49757104000002084        100.00000000000000     
  0.32500000000000001       0.48174996250002189        100.00000000000000     
  0.33000000000000002       0.46568363500002297        100.00000000000000     
  0.33500000000000002       0.44937205750002407        100.00000000000000     
  0.34000000000000002       0.43281523000002520        100.00000000000000     
  0.34500000000000003       0.41601315250002635        100.00000000000000     
  0.35000000000000003       0.39896582500002753        100.00000000000000     
  0.35500000000000004       0.38167324750002873        100.00000000000000     
  0.36000000000000004       0.36413542000002996        100.00000000000000     
  0.36499999999999999       0.34635234250003122        100.00000000000000     
  0.37000000000000000       0.32832401500003250        100.00000000000000     
  0.37500000000000000       0.31005043750003380        100.00000000000000     
  0.38000000000000000       0.29153161000003514        100.00000000000000     
  0.38500000000000001       0.27276753250003649        100.00000000000000     
  0.39000000000000001       0.25375820500003787        100.00000000000000     
  0.39500000000000002       0.23450362750003931        100.00000000000000     
  0.40000000000000002       0.21500380000004077        100.00000000000000     
  0.40500000000000003       0.19525872250004225        100.00000000000000     
  0.41000000000000003       0.17526839500004374        100.00000000000000     
  0.41500000000000004       0.15503281750004516        100.00000000000000     
  0.42000000000000004       0.13455199000004650        100.00000000000000     
  0.42500000000000004       0.11382591250004775        100.00000000000000     
  0.42999999999999999        9.2854585000048923E-002   100.00000000000000     
  0.43500000000000000        7.1638007500050005E-002   100.00000000000000     
  0.44000000000000000        5.0176180000051002E-002   100.00000000000000     
  0.44500000000000001        3.9157194929809437E-002   100.00000000000000     
  0.45000000000000001        4.9641416651471391E-002   100.00000000000000     
  0.45500000000000002        6.2480238001023189E-002   100.00000000000000     
  0.46000000000000002        7.5071289794461746E-002   100.00000000000000     
  0.46500000000000002        8.7417091587900328E-002   100.00000000000000     
  0.47000000000000003        9.9517643381338936E-002   100.00000000000000     
  0.47500000000000003       0.11137294517477757        100.00000000000000     
  0.48000000000000004       0.12298299696821623        100.00000000000000     
  0.48500000000000004       0.13434779876165490        100.00000000000000     
  0.49000000000000005       0.14546735055509358        100.00000000000000     
  0.49500000000000005       0.15634165234853228        100.00000000000000     
  0.50000000000000000       0.16697070414197102        100.00000000000000     
  0.50500000000000000       0.17735450593540977        100.00000000000000     
  0.51000000000000001       0.18749305772884856        100.00000000000000     
  0.51500000000000001       0.19738635952228736        100.00000000000000     
  0.52000000000000002       0.20703441131572620        100.00000000000000     
  0.52500000000000002       0.21643721310916506        100.00000000000000     
  0.53000000000000003       0.22559476490260394        100.00000000000000     
  0.53500000000000003       0.23450706669604285        100.00000000000000     
  0.54000000000000004       0.24317411848948178        100.00000000000000     
  0.54500000000000004       0.25159592028292077        100.00000000000000     
  0.55000000000000004       0.25977247207635978        100.00000000000000     
  0.55500000000000005       0.26770377386979882        100.00000000000000     
  0.56000000000000005       0.27538982566323789        100.00000000000000     
  0.56500000000000006       0.28283062745667698        100.00000000000000     
  0.57000000000000006       0.29002617925011609        100.00000000000000     
  0.57500000000000007       0.29697648104355523        100.00000000000000     
  0.58000000000000007       0.30368153283699439        100.00000000000000     
  0.58500000000000008       0.31014133463043358        100.00000000000000     
  0.59000000000000008       0.31635588642387280        100.00000000000000     
  0.59499999999999997       0.32232518821731204        100.00000000000000     
  0.59999999999999998       0.32804924001075131        100.00000000000000     
  0.60499999999999998       0.33352804180419060        100.00000000000000     
  0.60999999999999999       0.33876159359762992        100.00000000000000     
  0.61499999999999999       0.34374989539106926        100.00000000000000     
  0.62000000000000000       0.34849294718450857        100.00000000000000     
  0.62500000000000000       0.35299074897794791        100.00000000000000     
  0.63000000000000000       0.35724330077138727        100.00000000000000     
  0.63500000000000001       0.36125060256482661        100.00000000000000     
  0.64000000000000001       0.36501265435826591        100.00000000000000     
  0.64500000000000002       0.36852945615170524        100.00000000000000     
  0.65000000000000002       0.37180100794514453        100.00000000000000     
  0.65500000000000003       0.37482730973858386        100.00000000000000     
  0.66000000000000003       0.37760836153202315        100.00000000000000     
  0.66500000000000004       0.38014416332546247        100.00000000000000     
  0.67000000000000004       0.38243471511890176        100.00000000000000     
  0.67500000000000004       0.38448001691234107        100.00000000000000     
  0.68000000000000005       0.38628006870578036        100.00000000000000     
  0.68500000000000005       0.38783487049921966        100.00000000000000     
  0.69000000000000006       0.38914442229265900        100.00000000000000     
  0.69500000000000006       0.39020872408609830        100.00000000000000     
  0.70000000000000007       0.39102777587953758        100.00000000000000     
  0.70500000000000007       0.39160157767297687        100.00000000000000     
  0.71000000000000008       0.39193012946641614        100.00000000000000     
  0.71500000000000008       0.39201343125985544        100.00000000000000     
  0.72000000000000008       0.39185148305329470        100.00000000000000     
  0.72500000000000009       0.39144428484673399        100.00000000000000     
  0.72999999999999998       0.39079183664017331        100.00000000000000     
  0.73499999999999999       0.38989413843361259        100.00000000000000     
  0.73999999999999999       0.38875119022705190        100.00000000000000     
  0.74500000000000000       0.38736299202049118        100.00000000000000     
  0.75000000000000000       0.38572954381393043        100.00000000000000     
  0.75500000000000000       0.38385084560736971        100.00000000000000     
  0.76000000000000001       0.38172689740080895        100.00000000000000     
  0.76500000000000001       0.37935769919424822        100.00000000000000     
  0.77000000000000002       0.37674325098768752        100.00000000000000     
  0.77500000000000002       0.37388355278112678        100.00000000000000     
  0.78000000000000003       0.37077860457456607        100.00000000000000     
  0.78500000000000003       0.36742840636800533        100.00000000000000     
  0.79000000000000004       0.36383295816144462        100.00000000000000     
  0.79500000000000004       0.35999225995488388        100.00000000000000     
  0.80000000000000004       0.35590631174832316        100.00000000000000     
  0.80500000000000005       0.35157511354176241        100.00000000000000     
  0.81000000000000005       0.34699866533520163        100.00000000000000     
  0.81500000000000006       0.34217696712864087        100.00000000000000     
  0.82000000000000006       0.33711001892208015        100.00000000000000     
  0.82500000000000007       0.33179782071551944        100.00000000000000     
  0.83000000000000007       0.32624037250895876        100.00000000000000     
  0.83500000000000008       0.32043767430239811        100.00000000000000     
  0.84000000000000008       0.31438972609583749        100.00000000000000     
  0.84500000000000008       0.30809652788927688        100.00000000000000     
  0.85000000000000009       0.30155807968271631        100.00000000000000     
  0.85500000000000009       0.29477438147615576        100.00000000000000     
  0.85999999999999999       0.28774543326959523        100.00000000000000     
  0.86499999999999999       0.28047123506303473        100.00000000000000     
  0.87000000000000000       0.27295178685647425        100.00000000000000     
  0.87500000000000000       0.26518708864991380        100.00000000000000     
  0.88000000000000000       0.25717714044335338        100.00000000000000     
  0.88500000000000001       0.24892194223679301        100.00000000000000     
  0.89000000000000001       0.24042149403023261        100.00000000000000     
  0.89500000000000002       0.23167579582367223        100.00000000000000     
  0.90000000000000002       0.22268484761711188        100.00000000000000     
  0.90500000000000003       0.21344864941055156        100.00000000000000     
  0.91000000000000003       0.20396720120399126        100.00000000000000     
  0.91500000000000004       0.19424050299743098        100.00000000000000     
  0.92000000000000004       0.18426855479087073        100.00000000000000     
  0.92500000000000004       0.17405135658431051        100.00000000000000     
  0.93000000000000005       0.16358890837775031        100.00000000000000     
  0.93500000000000005       0.15288121017119014        100.00000000000000     
  0.94000000000000006       0.14192826196462999        100.00000000000000     
  0.94500000000000006       0.13073006375806986        100.00000000000000     
  0.95000000000000007       0.11928661555150977        100.00000000000000     
  0.95500000000000007       0.10759791734494970        100.00000000000000     
  0.96000000000000008        9.5663969138389648E-002   100.00000000000000     
  0.96500000000000008        8.3484770931829641E-002   100.00000000000000     
  0.97000000000000008        7.1060322725269645E-002   100.00000000000000     
  0.97500000000000009        5.8390624518709681E-002   100.00000000000000     
  0.98000000000000009        4.6059163947977315E-002   100.00000000000000     
  0.98500000000000010        4.4819491661963091E-002   100.00000000000000     
  0.99000000000000010        5.2479411237363084E-002   100.00000000000000     
  0.99500000000000000        6.0048228857503931E-002   100.00000000000000     
   1.0000000000000000        6.7371796477644796E-002   100.00000000000000     
   1.0050000000000001        7.4450114097785680E-002   100.00000000000000     
   1.0100000000000000        8.1283181717926589E-002   100.00000000000000     
   1.0150000000000001        8.7870999338067524E-002   100.00000000000000     
   1.0200000000000000        9.4213566958208483E-002   100.00000000000000     
   1.0250000000000001       0.10031088457834947        100.00000000000000     
   1.0300000000000000       0.10616295219849048        100.00000000000000     
   1.0350000000000001       0.11176976981863151        100.00000000000000     
   1.0400000000000000       0.11713133743877258        100.00000000000000     
   1.0450000000000002       0.12224765505891366        100.00000000000000     
   1.0500000000000000       0.12711872267905477        100.00000000000000     
   1.0550000000000002       0.13174454029919588        100.00000000000000     
   1.0600000000000001       0.13612510791933699        100.00000000000000     
   1.0649999999999999       0.14026042553947810        100.00000000000000     
   1.0700000000000001       0.14415049315961917        100.00000000000000     
   1.0750000000000000       0.14779531077976027        100.00000000000000     
   1.0800000000000001       0.15119487839990134        100.00000000000000     
   1.0850000000000000       0.15434919602004243        100.00000000000000     
   1.0900000000000001       0.15725826364018353        100.00000000000000     
   1.0950000000000000       0.15992208126032462        100.00000000000000     
   1.1000000000000001       0.16234064888046568        100.00000000000000     
   1.1050000000000000       0.16451396650060676        100.00000000000000     
   1.1100000000000001       0.16644203412074784        100.00000000000000     
   1.1150000000000000       0.16812485174088893        100.00000000000000     
   1.1200000000000001       0.16956241936103000        100.00000000000000     
   1.1250000000000000       0.17075473698117108        100.00000000000000     
   1.1300000000000001       0.17170180460131212        100.00000000000000     
   1.1350000000000000       0.17240362222145320        100.00000000000000     
   1.1400000000000001       0.17286018984159426        100.00000000000000     
   1.1450000000000000       0.17307150746173533        100.00000000000000     
   1.1500000000000001       0.17303757508187639        100.00000000000000     
   1.1550000000000000       0.17275839270201745        100.00000000000000     
   1.1600000000000001       0.17223396032215851        100.00000000000000     
   1.1650000000000000       0.17146427794229957        100.00000000000000     
   1.1700000000000002       0.17044934556244065        100.00000000000000     
   1.1750000000000000       0.16918916318258170        100.00000000000000     
   1.1800000000000002       0.16768373080272275        100.00000000000000     
   1.1850000000000001       0.16593304842286380        100.00000000000000     
   1.1899999999999999       0.16393711604300484        100.00000000000000     
   1.1950000000000001       0.16169593366314589        100.00000000000000     
   1.2000000000000000       0.15920950128328695        100.00000000000000     
   1.2050000000000001       0.15647781890342799        100.00000000000000     
   1.2100000000000000       0.15350088652356902        100.00000000000000     
   1.2150000000000001       0.15027870414371006        100.00000000000000     
   1.2200000000000000       0.14681127176385109        100.00000000000000     
   1.2250000000000001       0.14309858938399211        100.00000000000000     
   1.2300000000000000       0.13914065700413317        100.00000000000000     
   1.2350000000000001       0.13493747462427419        100.00000000000000     
   1.2400000000000000       0.13048904224441521        100.00000000000000     
   1.2450000000000001       0.12579535986455623        100.00000000000000     
   1.2500000000000000       0.12085642748469726        100.00000000000000     
   1.2550000000000001       0.11567224510483830        100.00000000000000     
   1.2600000000000000       0.11024281272497936        100.00000000000000     
   1.2650000000000001       0.10456813034512046        100.00000000000000     
   1.2700000000000000        9.8648197965261572E-002   100.00000000000000     
   1.2750000000000001        9.2483015585402714E-002   100.00000000000000     
   1.2800000000000000        8.6072583205543882E-002   100.00000000000000     
   1.2850000000000001        7.9416900825685074E-002   100.00000000000000     
   1.2900000000000000        7.2515968445826293E-002   100.00000000000000     
   1.2950000000000002        6.5369786065967536E-002   100.00000000000000     
   1.3000000000000000        5.7978353686108798E-002   100.00000000000000     
   1.3050000000000002        5.0341671306250092E-002   100.00000000000000     
   1.3100000000000001        4.6014332085024194E-002   100.00000000000000     
   1.3150000000000002        4.9598925403499826E-002   100.00000000000000     
   1.3200000000000001        5.4119548449083135E-002   100.00000000000000     
   1.3250000000000000        5.8386672061155803E-002   100.00000000000000     
   1.3300000000000001        6.2408545673228462E-002   100.00000000000000     
   1.3350000000000000        6.6185169285301118E-002   100.00000000000000     
   1.3400000000000001        6.9716542897373779E-002   100.00000000000000     
   1.3450000000000000        7.3002666509446437E-002   100.00000000000000     
   1.3500000000000001        7.6043540121519079E-002   100.00000000000000     
   1.3550000000000000        7.8839163733591733E-002   100.00000000000000     
   1.3600000000000001        8.1389537345664384E-002   100.00000000000000     
   1.3650000000000000        8.3694660957737019E-002   100.00000000000000     
   1.3700000000000001        8.5754534569809665E-002   100.00000000000000     
   1.3750000000000000        8.7569158181882309E-002   100.00000000000000     
   1.3800000000000001        8.9138531793954937E-002   100.00000000000000     
   1.3850000000000000        9.0462655406027576E-002   100.00000000000000     
   1.3900000000000001        9.1541529018100212E-002   100.00000000000000     
   1.3950000000000000        9.2375152630172847E-002   100.00000000000000     
   1.4000000000000001        9.2963526242245478E-002   100.00000000000000     
   1.4050000000000000        9.3306649854318108E-002   100.00000000000000     
   1.4100000000000001        9.3404523466390735E-002   100.00000000000000     
   1.4150000000000000        9.3257147078463373E-002   100.00000000000000     
   1.4200000000000002        9.2864520690536009E-002   100.00000000000000     
   1.4250000000000000        9.2226644302608643E-002   100.00000000000000     
   1.4300000000000002        9.1343517914681260E-002   100.00000000000000     
   1.4350000000000001        9.0215141526753889E-002   100.00000000000000     
   1.4400000000000002        8.8841515138826516E-002   100.00000000000000     
   1.4450000000000001        8.7222638750899126E-002   100.00000000000000     
   1.4500000000000002        8.5358512362971747E-002   100.00000000000000     
   1.4550000000000001        8.3249135975044367E-002   100.00000000000000     
   1.4600000000000000        8.0894509587116969E-002   100.00000000000000     
   1.4650000000000001        7.8294633199189584E-002   100.00000000000000     
   1.4700000000000000        7.5449506811262196E-002   100.00000000000000     
   1.4750000000000001        7.2359130423334792E-002   100.00000000000000     
   1.4800000000000000        6.9023504035407399E-002   100.00000000000000     
   1.4850000000000001        6.5442627647480003E-002   100.00000000000000     
   1.4900000000000000        6.1616501259552606E-002   100.00000000000000     
   1.4950000000000001        5.7545124871625206E-002   100.00000000000000     
   1.5000000000000000        5.3228498483697803E-002   100.00000000000000     
   1.5050000000000001        4.8801900552437133E-002   100.00000000000000     
   1.5100000000000000        4.7957270696937004E-002   100.00000000000000     
   1.5150000000000001        5.0596263561738027E-002   100.00000000000000     
   1.5200000000000000        5.3129711601979511E-002   100.00000000000000     
   1.5250000000000001        5.5417909642220993E-002   100.00000000000000     
   1.5300000000000000        5.7460857682462479E-002   100.00000000000000     
   1.5350000000000001        5.9258555722703957E-002   100.00000000000000     
   1.5400000000000000        6.0811003762945431E-002   100.00000000000000     
   1.5450000000000002        6.2118201803186911E-002   100.00000000000000     
   1.5500000000000000        6.3180149843428374E-002   100.00000000000000     
   1.5550000000000002        6.3996847883669841E-002   100.00000000000000     
   1.5600000000000001        6.4568295923911306E-002   100.00000000000000     
   1.5650000000000002        6.4894493964152769E-002   100.00000000000000     
   1.5700000000000001        6.4975442004394229E-002   100.00000000000000     
   1.5750000000000002        6.4811140044635701E-002   100.00000000000000     
   1.5800000000000001        6.4401588084877170E-002   100.00000000000000     
   1.5850000000000002        6.3746786125118637E-002   100.00000000000000     
   1.5900000000000001        6.2846734165360102E-002   100.00000000000000     
   1.5950000000000000        6.1701432205601564E-002   100.00000000000000     
   1.6000000000000001        6.0310880245843024E-002   100.00000000000000     
   1.6050000000000000        5.8675078286084481E-002   100.00000000000000     
   1.6100000000000001        5.6794026326325943E-002   100.00000000000000     
   1.6150000000000000        5.4667724366567395E-002   100.00000000000000     
   1.6200000000000001        5.2296172406808845E-002   100.00000000000000     
   1.6250000000000000        4.9689187499445425E-002   100.00000000000000     
   1.6300000000000001        4.8608303112465438E-002   100.00000000000000     
   1.6350000000000000        5.0019210039587134E-002   100.00000000000000     
   1.6400000000000001        5.1451039383385487E-002   100.00000000000000     
   1.6450000000000000        5.2637618727183831E-002   100.00000000000000     
   1.6500000000000001        5.3578948070982166E-002   100.00000000000000     
   1.6550000000000000        5.4275027414780512E-002   100.00000000000000     
   1.6600000000000001        5.4725856758578856E-002   100.00000000000000     
   1.6650000000000000        5.4931436102377197E-002   100.00000000000000     
   1.6700000000000002        5.4891765446175543E-002   100.00000000000000     
   1.6750000000000000        5.4606844789973880E-002   100.00000000000000     
   1.6800000000000002        5.4076674133772214E-002   100.00000000000000     
   1.6850000000000001        5.3301253477570552E-002   100.00000000000000     
   1.6900000000000002        5.2280582821368896E-002   100.00000000000000     
   1.6950000000000001        5.1014662165167229E-002   100.00000000000000     
   1.7000000000000002        4.9557906253051509E-002   100.00000000000000     
   1.7050000000000001        4.9244416303297539E-002   100.00000000000000     
   1.7100000000000002        5.0108463069225270E-002   100.00000000000000     
   1.7150000000000001        5.0807247995246059E-002   100.00000000000000     
   1.7200000000000000        5.1260782921266852E-002   100.00000000000000     
   1.7250000000000001        5.1469067847287650E-002   100.00000000000000     
   1.7300000000000000        5.1432102773308445E-002   100.00000000000000     
   1.7350000000000001        5.1149887699329238E-002   100.00000000000000     
   1.7400000000000000        5.0622422625350043E-002   100.00000000000000     
   1.7450000000000001        4.9857543333867223E-002   100.00000000000000     
   1.7500000000000000        4.9501737368095593E-002   100.00000000000000     
   1.7550000000000001        4.9925215035115211E-002   100.00000000000000     
   1.7600000000000000        5.0262887983809922E-002   100.00000000000000     
   1.7650000000000001        5.0352929296195184E-002   100.00000000000000     
   1.7700000000000000        5.0197720608580444E-002   100.00000000000000     
   1.7750000000000001        4.9829872691682757E-002   100.00000000000000     
   1.7800000000000000        4.9721986625360225E-002   100.00000000000000     
   1.7850000000000001        4.9943893907035741E-002   100.00000000000000     
   1.7900000000000000        5.0025428812026193E-002   100.00000000000000     
   1.7950000000000002        4.9896191930895041E-002   100.00000000000000     
   1.8000000000000000        4.9826535254314359E-002   100.00000000000000     
   1.8050000000000002        4.9904690284676714E-002   100.00000000000000     
   1.8100000000000001        4.9947520680005443E-002   100.00000000000000     
   1.8150000000000002        4.9900613275610572E-002   100.00000000000000     
   1.8200000000000001        4.9874287889966833E-002   100.00000000000000     
   1.8250000000000002        4.9902435518071164E-002   100.00000000000000     
   1.8300000000000001        4.9918610206101340E-002   100.00000000000000     
   1.8350000000000002        4.9901723040837384E-002   100.00000000000000     
   1.8400000000000001        4.9891788666868088E-002   100.00000000000000     
   1.8450000000000002        4.9901918092100178E-002   100.00000000000000     
   1.8500000000000001        4.9908017577083394E-002   100.00000000000000     
   1.8550000000000000        4.9901942882516578E-002   100.00000000000000     
   1.8600000000000001        4.9898199206070123E-002   100.00000000000000     
   1.8650000000000000        4.9901841492660859E-002   100.00000000000000     
   1.8700000000000001        4.9904138487976785E-002   100.00000000000000     
   1.8750000000000000        4.9901955093672623E-002   100.00000000000000     
   1.8800000000000001        4.9900546185960133E-002   100.00000000000000     
   1.8850000000000000        4.9901854755831372E-002   100.00000000000000     
   1.8900000000000001        4.9902718667606046E-002   100.00000000000000     
   1.8950000000000000        4.9901934576424174E-002   100.00000000000000     
   1.9000000000000001        4.9901405005368119E-002   100.00000000000000     
   1.9050000000000000        4.9901874725613131E-002   100.00000000000000     
   1.9100000000000001        4.9902199252367031E-002   100.00000000000000     
   1.9150000000000000        4.9901917924268534E-002   100.00000000000000     
   1.9200000000000002        4.9901719108217363E-002   100.00000000000000     
   1.9250000000000000        4.9901887564048314E-002   100.00000000000000     
   1.9300000000000002        4.9902009331202500E-002   100.00000000000000     
   1.9350000000000001        4.9901908485827658E-002   100.00000000000000     
   1.9400000000000002        4.9901833928625669E-002   100.00000000000000     
   1.9450000000000001        4.9901894284663073E-002   100.00000000000000     
   1.9500000000000002        4.9901939923293295E-002   100.00000000000000     
   1.9550000000000001        4.9901903809097176E-002   100.00000000000000     
   1.9600000000000002        4.9901875879681458E-002   100.00000000000000     
   1.9650000000000001        4.9901897483239255E-002   100.00000000000000     
   1.9700000000000002        4.9901914570794174E-002   100.00000000000000     
   1.9750000000000001        4.9901901650863438E-002   100.00000000000000     
   1.9800000000000002        4.9901891199107026E-002   100.00000000000000     
   1.9850000000000001        4.9901898923778845E-002   100.00000000000000     
   1.9900000000000000        4.9901905315124027E-002   100.00000000000000     
   1.9950000000000001        4.9901900697887941E-002   100.00000000000000     
   2.0000000000000000        4.9901896790458394E-002   100.00000000000000     
